time,std
0,0.49501510689271405
1,1.2701485124256398
2,1.001681987367536
3,0.7653566321089795
4,0.6074711104948202
5,0.5548447423250088
6,0.5167590086293574
7,0.5404910079313444
8,0.5044016877755819
9,0.5459757404804506
10,0.5278134477087445
11,0.5463229463516088
12,0.551235424441975
13,0.537625930065655
14,0.5384075741105692
15,0.525844709049076
16,0.5226479615478168
17,0.5133377830402652
18,0.5025250667611784
19,0.4937165296984839
20,0.47444094681587035
21,0.46264381275021865
22,0.427219595879696
23,0.421902656967711
24,0.38474790645184553
25,0.35863869095420475
26,0.33733890272568445
27,0.2621204834580304
28,0.28168436193741136
29,0.1414155441233439
30,0.19846378388986727
31,0.039640534859837484
32,0.08384359221016735
33,0.0042074569002125625
34,0.008253441582695953
35,0.002912292907138503
36,0.00226139231942309
37,0.002407666942389891
38,0.001043558928699832
39,0.0020268776086455665
40,0.0003247611112225442
41,0.0014968685562275967
42,0.001188573867756432
43,0.001556948136391763
44,0.0005664828852716887
45,0.0010813075481466005
46,0.0012254946999507577
47,0.0012932166547442103
48,0.0008631499201247913
49,0.0008089458628337829
50,0.0012024006699710786
51,0.0010896764243614916
52,0.0010950192984236016
53,0.0005871667117359152
54,0.0010736190269791466
55,0.0008749989600450204
56,0.001178935809953931
57,0.0003901646900944224
58,0.0008088343650689547
59,0.0006215192228592202
60,0.0010332278432480463
61,0.00022275129356789746
62,0.0004930988061739976
63,0.00035367976107412855
64,0.0006790918260519408
65,0.00010416008720458903
66,0.0002015434658435342
67,0.00015206312464912706
68,0.00031393614630035016
69,3.8072472996726995e-05
70,5.7395237376599146e-05
71,4.81231559702885e-05
72,0.0001025867027225856
73,1.0881469136203419e-05
74,1.2540550196357707e-05
75,1.1978856404922621e-05
76,2.5827926531746103e-05
77,2.5656071112056627e-06
78,2.419947389369095e-06
79,2.5776495574631667e-06
80,5.576122341898617e-06
81,5.37851004891386e-07
82,4.520733949699807e-07
83,5.150127541224633e-07
84,1.1150076017624267e-06
85,1.0622365647385029e-07
86,8.446745293097724e-08
87,9.950536906517656e-08
88,2.154666771185215e-07
89,2.0425440850840814e-08
90,1.5862894823551186e-08
91,1.8960239307181997e-08
92,4.1057561296697144e-08
93,3.884795535326624e-09
94,2.9891828695188307e-09
95,3.5934875563063396e-09
96,7.781702400317708e-09
97,7.35797193527717e-10
98,5.642238961600867e-10
99,6.797669600171638e-10
100,1.472082374898017e-09
101,1.3916307611046853e-10
102,1.065848466082428e-10
103,1.285163262179697e-10
104,2.783246228704491e-10
105,2.6310573904078084e-11
106,2.0143594991734904e-11
107,2.4296887043516375e-11
108,5.262231738181639e-11
109,4.974863234332831e-12
110,3.809151355750469e-12
111,4.594954668420253e-12
112,9.952505622761573e-12
113,9.41117230956575e-13
114,7.211998601439843e-13
115,8.697459101211293e-13
116,1.8845593622986884e-12
117,1.7815170018406202e-13
118,1.3626403868640992e-13
119,1.6466107004048843e-13
120,3.564602718674271e-13
121,3.397325521721732e-14
122,2.8370526962561068e-14
123,3.1984574173560686e-14
124,6.935239825387382e-14
125,6.460805333601068e-15
126,1.3042179713908946e-14
127,7.682414178577002e-15
128,1.5412856541215228e-14
129,1.602413737888758e-15
130,1.2963572698107596e-14
131,4.6431646802058535e-15
132,8.308129526200204e-15
133,1.0673457745022282e-15
134,1.2569608140895305e-14
135,4.5063590571558846e-15
136,8.409755211939847e-15
137,1.1049310418901374e-15
138,1.3433731333195746e-14
139,4.454478734327828e-15
140,8.64897379556096e-15
141,1.1011702983909776e-15
142,1.3205575709205429e-14
143,4.394189351561676e-15
144,7.951240174533444e-15
145,1.025967365411222e-15
146,1.314986065600658e-14
147,4.430143393736453e-15
148,8.565857289460463e-15
149,1.0089167928168843e-15
150,1.3253885291158481e-14
151,4.30538301498333e-15
152,8.332562922149474e-15
153,1.0173824037124222e-15
154,1.3367821026306105e-14
155,4.462232516864022e-15
156,8.163709632001725e-15
157,1.0635311372986258e-15
158,1.3661253155143842e-14
159,4.3474111400861964e-15
160,8.075199193086101e-15
161,1.0129428803183769e-15
162,1.3223025289625538e-14
163,4.381094383908211e-15
164,8.411751790087965e-15
165,1.0521472605550897e-15
166,1.3119977225078443e-14
167,4.398739231746434e-15
168,8.275501027388502e-15
169,1.0126633824490342e-15
170,1.361533875660087e-14
171,4.460088262304694e-15
172,8.756700469338246e-15
173,1.0443213552861797e-15
174,1.3420219605464398e-14
175,4.3339714788400276e-15
176,8.402861584982636e-15
177,1.0297005051958703e-15
178,1.2979675527611891e-14
179,4.382057679421283e-15
180,8.07896236420672e-15
181,1.0763906742787251e-15
182,1.3463477175841295e-14
183,4.411319493212697e-15
184,8.270034174569206e-15
185,1.0494781715869564e-15
186,1.3394444975016764e-14
187,4.4087420305329855e-15
188,8.864289917445964e-15
189,1.0487788794841477e-15
190,1.3324079445569242e-14
191,4.382242587326742e-15
192,8.253428118450643e-15
193,1.0433137055084476e-15
194,1.3775954673225955e-14
195,4.448284552383687e-15
196,8.727182745984892e-15
197,1.0416852101373786e-15
198,1.3624793065712039e-14
199,4.318709429698004e-15
200,7.880927166820263e-15
201,9.778373934800838e-16
202,1.3378277209285822e-14
203,4.3792988436506394e-15
204,8.341121081474019e-15
205,1.0396522454240173e-15
206,1.3415899905519746e-14
207,4.3699076505874076e-15
208,8.110835042298642e-15
209,1.078448913700894e-15
210,1.3702495437931853e-14
211,4.483362074012045e-15
212,8.426497479767047e-15
213,1.0598671149756963e-15
214,1.3085566515141933e-14
215,4.348936589696297e-15
216,8.210642356632987e-15
217,1.084174889324551e-15
218,1.3283516412421188e-14
219,4.426889271000879e-15
220,8.140554377304317e-15
221,1.0883212873598451e-15
222,1.3254983315872034e-14
223,4.4075616406789235e-15
224,8.175543165389325e-15
225,1.0493551278172148e-15
226,1.375595399011791e-14
227,4.460760021269171e-15
228,8.505406213248638e-15
229,1.0688753490649466e-15
230,1.331739486178809e-14
231,4.4343990115189586e-15
232,8.543932892818737e-15
233,1.0526062374379599e-15
234,1.3516925445676987e-14
235,4.4191562812549614e-15
236,8.208293294426572e-15
237,1.0507003877090024e-15
238,1.3506107790349007e-14
239,4.476472877846368e-15
240,8.391404570810972e-15
241,1.0742805193477091e-15
242,1.2771245373190708e-14
243,4.337054985685653e-15
244,8.087077394997548e-15
245,1.0191448345575442e-15
246,1.3705127205008188e-14
247,4.457570202935697e-15
248,8.495545685416592e-15
249,1.034712335299068e-15
250,1.278640327697656e-14
251,4.375010491371479e-15
252,8.055600870594537e-15
253,1.080943209056186e-15
254,1.3506763760484423e-14
255,4.448044500516196e-15
256,8.26133534769043e-15
257,9.907620080125306e-16
258,1.3130630772499919e-14
259,4.30968723022513e-15
260,8.008947006473313e-15
261,1.0596083376826102e-15
262,1.326644311787087e-14
263,4.431909422555582e-15
264,8.557874145021042e-15
265,1.0454330202429352e-15
266,1.3667335353618262e-14
267,4.3484411892451034e-15
268,8.251534741230146e-15
269,1.0254942649841073e-15
270,1.3560825265094233e-14
271,4.436518988529556e-15
272,8.475838503915248e-15
273,1.0669841042034095e-15
274,1.3138421941249131e-14
275,4.3446340270210875e-15
276,8.42408428843489e-15
277,1.0054462413720244e-15
278,1.3766024422963748e-14
279,4.4156682335027914e-15
280,7.871105592177509e-15
281,1.0737257062950209e-15
282,1.3235415942475705e-14
283,4.368750866635832e-15
284,8.374707139163572e-15
285,1.079011103531243e-15
286,1.3057155852429413e-14
287,4.408078398819777e-15
288,8.080362859451633e-15
289,1.0742836708759607e-15
290,1.3703539948039951e-14
291,4.479863862145117e-15
292,8.528125582242937e-15
293,1.05309895010488e-15
294,1.3100437922119692e-14
295,4.317417817935552e-15
296,7.707035101658547e-15
297,1.0686476189218438e-15
298,1.336481930432811e-14
299,4.42285321861921e-15
300,8.29589309769347e-15
301,1.0680197898154201e-15
302,1.3491780799995911e-14
303,4.41852568267127e-15
304,8.115419808494545e-15
305,1.0861861703851508e-15
306,1.3353544892955777e-14
307,4.460302806891214e-15
308,8.68996313249764e-15
309,1.0314854250412158e-15
310,1.335996540931709e-14
311,4.358129972884857e-15
312,7.925388292736962e-15
313,1.0059145599379143e-15
314,1.3526989616743066e-14
315,4.374938339404484e-15
316,8.298117266801912e-15
317,1.0957773982949204e-15
318,1.3529922440594986e-14
319,4.4177764964406284e-15
320,8.45257699952348e-15
321,1.0488405714733283e-15
322,1.3459412843461972e-14
323,4.4281764445975665e-15
324,8.36626103493014e-15
325,1.0535964309938473e-15
326,1.3130007352624116e-14
327,4.437737175797412e-15
328,8.473591372913851e-15
329,1.0751625864299678e-15
330,1.3434039583711946e-14
331,4.386894394215474e-15
332,8.055623285645245e-15
333,1.058098430907979e-15
334,1.3556613413888032e-14
335,4.455503143975265e-15
336,8.21279434055054e-15
337,1.080161639677038e-15
338,1.3052971459025628e-14
339,4.430528377040143e-15
340,8.31181475579499e-15
341,1.066148197934846e-15
342,1.310072828658547e-14
343,4.395322526471578e-15
344,8.118701740863621e-15
345,1.0952839640849257e-15
346,1.2884505737350282e-14
347,4.417558396280615e-15
348,7.898820897600595e-15
349,1.075191451393168e-15
350,1.3037741224425652e-14
351,4.499739107508702e-15
352,8.293103701096876e-15
353,1.0812330641470481e-15
354,1.329606979272511e-14
355,4.355838428203956e-15
356,7.848403067941082e-15
357,1.077595020822811e-15
358,1.3361688077238706e-14
359,4.440822806435733e-15
360,8.106964907438594e-15
361,1.0842036878341744e-15
362,1.2903109797747091e-14
363,4.447877763190881e-15
364,7.848091702530827e-15
365,1.1029314327401463e-15
366,1.2822985703086308e-14
367,4.493479480625215e-15
368,8.481073343548828e-15
369,1.106359015838364e-15
370,1.3509903241635762e-14
371,4.440226981357773e-15
372,7.955696001051784e-15
373,1.0648899289149207e-15
374,1.3422514805479976e-14
375,4.476360805041863e-15
376,8.104327347529758e-15
377,1.1176494816617515e-15
378,1.2821271399800629e-14
379,4.480593589035041e-15
380,7.706910146790086e-15
381,1.0987086985741007e-15
382,1.30509433252717e-14
383,4.49336968428336e-15
384,8.087738271996124e-15
385,1.1126937625577372e-15
386,1.293066268148328e-14
387,4.442382801994551e-15
388,7.860348331635925e-15
389,1.115453142893947e-15
390,1.3196298144578923e-14
391,4.477658016007551e-15
392,8.078919153578004e-15
393,1.0823548677771969e-15
394,1.2975685091652033e-14
395,4.399366232012439e-15
396,7.775277968694294e-15
397,1.0846270764214632e-15
398,1.3661922822947985e-14
399,4.5114981013928645e-15
400,8.475713521126182e-15
401,1.0748983485302956e-15
402,1.256543766370355e-14
403,4.343216222235631e-15
404,7.6938896788457e-15
405,1.0596204082617876e-15
406,1.3362170961025745e-14
407,4.4747052062171246e-15
408,8.119262191328975e-15
409,1.1112201037751153e-15
410,1.3022790826133624e-14
411,4.491499301904586e-15
412,8.188104998636012e-15
413,1.10781571081507e-15
414,1.312861371879927e-14
415,4.4917884115000914e-15
416,8.040332189977984e-15
417,1.1034528115378087e-15
418,1.2795443677933141e-14
419,4.419770065138209e-15
420,7.957594720223143e-15
421,1.075712461953639e-15
422,1.2632185898927864e-14
423,4.455235606784959e-15
424,8.196677405064707e-15
425,1.0460629877311553e-15
426,1.3069961648036642e-14
427,4.402377905685302e-15
428,7.88876524603833e-15
429,1.1045016425817222e-15
430,1.3397712306497412e-14
431,4.50236931422287e-15
432,8.210176116851527e-15
433,1.0875173479817627e-15
434,1.275926628433941e-14
435,4.3669381050037876e-15
436,8.058998280589176e-15
437,1.0957454708642937e-15
438,1.3124453942322244e-14
439,4.421148525819364e-15
440,7.902718326070865e-15
441,1.0786655072143965e-15
442,1.3062747088816916e-14
443,4.46481439252847e-15
444,8.264367068180057e-15
445,1.118381687206974e-15
446,1.2637494601127093e-14
447,4.41429710533312e-15
448,7.95086016347164e-15
449,1.1079437213675217e-15
450,1.2500799349297357e-14
451,4.467765414127793e-15
452,8.249944435481184e-15
453,1.1034234926502418e-15
454,1.3428935513668318e-14
455,4.476447257551057e-15
456,7.93682639757517e-15
457,1.0921440594072469e-15
458,1.3241217370715753e-14
459,4.454117252141275e-15
460,8.056920263699754e-15
461,1.0957743085842263e-15
462,1.3278531263410481e-14
463,4.518550064809728e-15
464,8.303098809370516e-15
465,1.0997271636830217e-15
466,1.3290987007187555e-14
467,4.4019713180140724e-15
468,8.197066579883645e-15
469,1.0958635633839456e-15
470,1.3357226883178447e-14
471,4.549606987701043e-15
472,8.39498011470409e-15
473,1.0300588322139232e-15
474,1.2805947025577304e-14
475,4.3734559888804776e-15
476,8.068694086903191e-15
477,1.080697484690929e-15
478,1.344795367189496e-14
479,4.517631736667803e-15
480,8.593517170451005e-15
481,1.0412098579179287e-15
482,1.3276820472836852e-14
483,4.356595923506466e-15
484,8.330810354121999e-15
485,1.0817009135177539e-15
486,1.325615208094786e-14
487,4.460043549280783e-15
488,8.029305409255798e-15
489,1.1007262317205578e-15
490,1.2725463735921988e-14
491,4.493557169439259e-15
492,8.227554241067689e-15
493,1.1156291709682184e-15
494,1.258592234947191e-14
495,4.47877366319573e-15
496,8.138091895907417e-15
497,1.109083958527384e-15
498,1.3072840463619609e-14
499,4.453839042263384e-15
