time,std
0,0.49501510689271405
1,1.0949729625055515
2,0.7599514391587537
3,0.7465534806866433
4,0.6645133237358523
5,0.576493771121432
6,0.5737399975034255
7,0.5196856812914502
8,0.4977368278253647
9,0.49084660473189606
10,0.4552613158252867
11,0.47551661789203337
12,0.4232678322089303
13,0.4677580013991474
14,0.39725268980647527
15,0.46386171517649255
16,0.37846048452701037
17,0.461921721251912
18,0.3669467841405589
19,0.4612842831034787
20,0.36305015133441854
21,0.46168029576366254
22,0.36630198373328604
23,0.46298665215157964
24,0.3756548761109838
25,0.4651251726195725
26,0.3899272790986726
27,0.46803921243648855
28,0.4081406844845598
29,0.4717131518118793
30,0.42961178222096635
31,0.476221554177435
32,0.4538540774531713
33,0.4818334215218354
34,0.4803390407617858
35,0.489236215004347
36,0.5081319063021141
37,0.4999918737307978
38,0.535597379096041
39,0.5170176805130983
40,0.560686497229979
41,0.5426758720550889
42,0.5819756157159844
43,0.5707546649059689
44,0.5993284460376656
45,0.5908189368579156
46,0.6132831720142148
47,0.605467271688068
48,0.6244332159800834
49,0.6167999772609133
50,0.6331316795845779
51,0.6253596655230264
52,0.6397321098166615
53,0.6315010011332858
54,0.6445349218317321
55,0.635767772623301
56,0.6478293318302859
57,0.6381724678373897
58,0.6497989193814875
59,0.6396158012409108
60,0.6506875776462884
61,0.6388672929618237
62,0.6504364857075737
63,0.6392275757246777
64,0.6494618481758959
65,0.6331305471367449
66,0.6468407559471967
67,0.6365249199186854
68,0.6444337060109245
69,0.6087342019717953
70,0.6331399007743148
71,0.5772225487108694
72,0.6448353704213518
73,0.6351985687501849
74,0.6337429841747235
75,0.6247066188661452
76,0.6202688349970041
77,0.6168799364880921
78,0.6020153980428393
79,0.6003416693022356
80,0.5785784259218684
81,0.5869969054481169
82,0.5525610246188063
83,0.5174870970521899
84,0.510728196369982
85,0.4535320787280234
86,0.48579320687830263
87,0.4422824566057686
88,0.43942656294363946
89,0.39816744829140244
90,0.37722569465840466
91,0.32472807045318774
92,0.2957820462389031
93,0.30573132301416334
94,0.20528948944523817
95,0.300968226294031
96,0.2021522965434456
97,0.3051063647255377
98,0.0926438079335906
99,0.25572004454579
100,0.025026135653437222
101,0.1681254429472796
102,0.09564111422095473
103,0.2596583143544481
104,0.018114358175912983
105,0.11384224772926899
106,0.016487043154911243
107,0.0884780610709764
108,0.018781450382116392
109,0.1093470097418583
110,0.00717284858632563
111,0.12993713416187108
112,0.11994969413925585
113,0.24827898370661636
114,0.07979332696390973
115,0.2557603876544674
116,0.010663553567122983
117,0.26212092816755234
118,0.32090671314957075
119,0.28783448318526206
120,0.18767907966355477
121,0.2951014150139548
122,0.0754798492898315
123,0.2380407422988088
124,0.1550507336351108
125,0.2683640138448902
126,0.06556702904717715
127,0.1838140889065921
128,0.1128024627259866
129,0.2764311141090568
130,0.030196773627344065
131,0.19687424334409623
132,0.17548372456987757
133,0.3110872673225058
134,0.059479177478069925
135,0.19622514350132816
136,0.019883570596075675
137,0.10668364608435171
138,0.00958138733591378
139,0.09395659552844766
140,0.0636891924022827
141,0.21734330638555072
142,0.1982925696751491
143,0.29697912664617454
144,0.09030793719102069
145,0.24223920910708327
146,0.25030300930075433
147,0.3219120020186645
148,0.12474580141908181
149,0.31775268434113857
150,0.03650288918471076
151,0.21275705004998208
152,0.0035199639557899603
153,0.18931228308598205
154,0.18568242930597922
155,0.2818968338989476
156,0.22453083112947828
157,0.28994551973503807
158,0.10779097609192691
159,0.22658957994323273
160,0.04138401814852332
161,0.16655070768140642
162,0.02527619870328024
163,0.12365282722567267
164,0.006194347270668386
165,0.12300764094609522
166,0.08018994956614162
167,0.24670544773610892
168,0.010469196662025705
169,0.13492861607367448
170,0.09908620621390861
171,0.24044129582359805
172,0.09782731848594896
173,0.21582459157128556
174,0.01669302139635706
175,0.11551558961192623
176,0.02043723705638578
177,0.08558211688324531
178,0.04379229884864195
179,0.162887027560411
180,0.02663498554194976
181,0.15652174266099747
182,0.0053679248334795515
183,0.08706551820312539
184,0.039677903766333435
185,0.1730227447038306
186,0.002668504603135653
187,0.10576580128064822
188,0.0331933807673196
189,0.19613228499761923
190,0.27900179504931777
191,0.38224612720789863
192,0.12441798964572966
193,0.3083979363773841
194,0.0915379409287939
195,0.26149279055448094
196,0.021505141356940136
197,0.12276418708194833
198,0.01707536562760371
199,0.1950349193487413
200,0.20958273996259447
201,0.23233862077661066
202,0.08518541606173353
203,0.18883232670561784
204,0.02149753340967431
205,0.10609626606212991
206,0.04956715117496672
207,0.23616670302344211
208,0.006046623647869264
209,0.07741896261577595
210,0.021240224798784364
211,0.23801260517940517
212,0.3161090207003326
213,0.29705504121696513
214,0.1986713198607175
215,0.27278781712690386
216,0.10698126100435387
217,0.2329761793487241
218,0.03179105030185915
219,0.19793095990295453
220,0.18908864242227427
221,0.2277907808782877
222,0.1730294669542304
223,0.21796276033577733
224,0.06087021608759388
225,0.2498522474394896
226,0.008928463886699928
227,0.13731369921768574
228,0.09566020571706194
229,0.24905494896759572
230,0.1309055251154265
231,0.25787198804758626
232,0.037648103492591255
233,0.2323428356003829
234,0.21987133529639383
235,0.30993789846886427
236,0.11025592800033616
237,0.26271553199372705
238,0.23639176737792675
239,0.30354153932260836
240,0.1245109083449271
241,0.2512819313670209
242,0.11451118457611352
243,0.24249085005354853
244,0.03415956978102668
245,0.15530771364390294
246,0.05323821934690521
247,0.22116120300465275
248,0.016535559126223242
249,0.15319115067213027
250,0.12538237510200204
251,0.32258198623058915
252,0.3590410211850089
253,0.32704290867891306
254,0.24145235021144487
255,0.3171977593810996
256,0.12617889640737504
257,0.29501254905467
258,0.036460980260526174
259,0.1838359523630215
260,0.010637195522556332
261,0.10722981857201487
262,0.0527577617864123
263,0.1783990565932597
264,0.14821259754047678
265,0.3280236091925059
266,0.0565546036720521
267,0.43194230621387375
268,0.4704216491976627
269,0.3993465931757389
270,0.4198978602625664
271,0.3525703679322696
272,0.33960951537283907
273,0.31922156654556366
274,0.2595408615629592
275,0.31508525681243177
276,0.1610669933069441
277,0.2516161209826454
278,0.1685723054061946
279,0.278503802761278
280,0.07715201075356214
281,0.2574963680815643
282,0.010009918934158289
283,0.09713700285515879
284,0.049467458763967354
285,0.20737728933093622
286,0.13036233445904136
287,0.2818744969266436
288,0.03076681850797416
289,0.4191406078478279
290,0.44522985258618386
291,0.38137031923419457
292,0.3791899944581245
293,0.34252820811655005
294,0.30276327830918276
295,0.3386673514543256
296,0.20023359330971677
297,0.2909794417714798
298,0.10282044028601282
299,0.22582960850644745
300,0.07677004081626636
301,0.23066737606352478
302,0.044950776856091744
303,0.16784455080153418
304,0.03160159541526326
305,0.1524051149730345
306,0.09604611255183193
307,0.21367639739049604
308,0.1091055550058045
309,0.23004142882357773
310,0.05634765733730856
311,0.19644412489332636
312,0.05338650616527089
313,0.2027267413665947
314,0.020120030192690177
315,0.1427648429641334
316,0.09483606189393015
317,0.22262211053795244
318,0.12761671108912528
319,0.24050158051551518
320,0.03784413899072704
321,0.1687908990575744
322,0.06047133791478322
323,0.19955798829497579
324,0.11798479388686717
325,0.2509553274428354
326,0.12491196697951586
327,0.2457119051008337
328,0.08823868160753032
329,0.25811066509164765
330,0.017712482518957694
331,0.14550010446663614
332,0.08860931186358371
333,0.21577559532059995
334,0.020517433067886167
335,0.1136297468671312
336,0.020060135071189082
337,0.17495294300045136
338,0.1892816722452569
339,0.30392607889946877
340,0.07984292713218621
341,0.2519697087354628
342,0.021558296207484534
343,0.15003865571586353
344,0.11095362022333766
345,0.2808569493641866
346,0.02631229741130811
347,0.15839566101614763
348,0.008197898814566368
349,0.13586882202678774
350,0.1226916118233147
351,0.26102500101318593
352,0.0460220457510313
353,0.19428509197900687
354,0.015724558693203737
355,0.09719889814287373
356,0.04409476317987929
357,0.16398137557596373
358,0.058716649553882436
359,0.19312885308073796
360,0.06821771283475948
361,0.21772148338697478
362,0.16298883530875577
363,0.22862574174446385
364,0.13526051242457932
365,0.2504535233796471
366,0.06685427429923993
367,0.2168663428702214
368,0.03199975679440956
369,0.1479889865509139
370,0.10686854548450075
371,0.24609498966734525
372,0.03769720536289425
373,0.18420950209911927
374,0.07947418596793224
375,0.23374033540479933
376,0.2100384650667513
377,0.2799568523399341
378,0.09809480607825041
379,0.2359085631614792
380,0.054368467434660735
381,0.20521292534765262
382,0.009402437573018951
383,0.09428940313251752
384,0.03524536342636122
385,0.19777666012562486
386,0.21135469606221452
387,0.27876046638073676
388,0.09732803131659132
389,0.22314190351678215
390,0.09089803503159867
391,0.22942992286312422
392,0.02780322791114118
393,0.15925027510133982
394,0.10037780715436398
395,0.2091368681692271
396,0.07155045304161688
397,0.20662460468309088
398,0.048248267659478955
399,0.17810940472100173
400,0.04586578778253478
401,0.16309976122983733
402,0.0243177952902032
403,0.15022842812414092
404,0.1291016392340621
405,0.22961619624933413
406,0.11104983779270985
407,0.23623918835851163
408,0.03513888895983054
409,0.15286841088304645
410,0.04054521225852987
411,0.16689642800518398
412,0.01665270320258185
413,0.0911493069281091
414,0.034562829718782176
415,0.16381475260811354
416,0.08500048653734575
417,0.2145754730717051
418,0.021372909009006447
419,0.1178687154150292
420,0.05354276926865836
421,0.15986991227478034
422,0.08934494477006857
423,0.24963581186670394
424,0.016450971819846075
425,0.1948559162190433
426,0.214710854334281
427,0.24535015238692884
428,0.17300633810395458
429,0.24720715886415043
430,0.060913169356088884
431,0.2375893386283516
432,0.024614108714146227
433,0.11781869379532178
434,0.03335798286544459
435,0.21419901061071933
436,0.2548299206248034
437,0.3055136802630129
438,0.1350668782828452
439,0.2416961133753185
440,0.08434822052591112
441,0.2488350548628807
442,0.026131150753986164
443,0.1338470869303341
444,0.017107128378689735
445,0.12362301778372865
446,0.10611296711440255
447,0.22794426964482684
448,0.0667395953696127
449,0.1919045281085023
450,0.055841394743225276
451,0.1831373431205304
452,0.07565155640143122
453,0.22361043500104483
454,0.016488107767736956
455,0.15602842222436095
456,0.14531993966033493
457,0.24223339567786126
458,0.1566660467281606
459,0.28079533026695197
460,0.0519013590975839
461,0.21613330292249366
462,0.01307369766651315
463,0.11557215174359495
464,0.07547773923804205
465,0.1977036138221973
466,0.10899310552055855
467,0.27828096343713166
468,0.02205381527882927
469,0.2459574591284857
470,0.316711791602785
471,0.33624723424215464
472,0.19666606302532508
473,0.2962238517068545
474,0.10336803932841011
475,0.2640895722593411
476,0.04610375537611889
477,0.18046564185498767
478,0.0619796340741988
479,0.20439139777181434
480,0.01277677317710241
481,0.1289171291427678
482,0.11216906749811567
483,0.24142785316499918
484,0.2202061189142467
485,0.28721017643100755
486,0.11014242874084418
487,0.2366796103179621
488,0.04123447599674952
489,0.15938443219992277
490,0.054668566388835084
491,0.21614267069548834
492,0.06534564502441369
493,0.21185259982334861
494,0.04420232629045086
495,0.2153635896494463
496,0.2246237741746405
497,0.27962990156587736
498,0.14111932835680932
499,0.2788189823640277
