time,std
0,0.06035598463843661
1,0.0032794748436715325
2,0.0023320766192734405
3,0.0017643422492853243
4,0.0015499426077123426
5,0.0013205472001147948
6,0.001245698818185286
7,0.0011114307483142158
8,0.0010847164337939054
9,0.000987691548543463
10,0.0009796470154902442
11,0.0009011857520956897
12,0.0009032904660717943
13,0.0008356905093737616
14,0.0008439196496438174
15,0.0007835935895266195
16,0.0007961357776038541
17,0.0007408850564456295
18,0.0007566795846630112
19,0.0007051395178394451
20,0.0007233505239598337
21,0.0006747323693443686
22,0.0006950619964360754
23,0.0006485114187977337
24,0.0006705906595208556
25,0.0006255962872275179
26,0.0006491172156936724
27,0.0006053319873475487
28,0.0006302018646687756
29,0.000587201878281155
30,0.0006132596858535701
31,0.0005708130480488113
32,0.0005979915620893246
33,0.0005558450387669701
34,0.000583979594031228
35,0.0005420400614333958
36,0.0005711904664757193
37,0.0005291953058483605
38,0.0005592550247220334
39,0.0005171531586704939
40,0.0005480929227853769
41,0.0005057818657825815
42,0.0005375924152577238
43,0.0004949688073240694
44,0.0005276366093230159
45,0.0004846151386966202
46,0.0005180661360836868
47,0.0004746508245492978
48,0.0005089475449488746
49,0.0004650009056306735
50,0.0005000974152562263
51,0.00045563320446161094
52,0.0004915532831342234
53,0.00044646955130716616
54,0.00048274699451496267
55,0.00043726985206385296
56,0.00047454956562123117
57,0.000428426845831497
58,0.00046646746842929387
59,0.00041969355151564815
60,0.00045850820113075506
61,0.0004110232896000251
62,0.0004506136492759064
63,0.000402402724685378
64,0.0004427257762532796
65,0.00039380353958928956
66,0.00043480300896403166
67,0.0003852029445948087
68,0.00042689083886972566
69,0.0003765842965804483
70,0.0004188846753262981
71,0.00036793121246709513
72,0.000410824355586551
73,0.0003592255865217685
74,0.0004027291701954228
75,0.00035045812743493315
76,0.00039453552983922447
77,0.0003416149893434942
78,0.00038618408404251175
79,0.00033269009092539234
80,0.00037770855800832687
81,0.0003236806910674214
82,0.00036914609018401357
83,0.000314575091828322
84,0.00036037041268454945
85,0.00030537579059902975
86,0.00035143566432273244
87,0.0002960879714216645
88,0.000342337663506542
89,0.00028670346893383016
90,0.00033311693333315116
91,0.00027724027165035737
92,0.0003236839568229942
93,0.00026769985192671275
94,0.00031409492034529363
95,0.0002580925190417134
96,0.0003043844139949558
97,0.00024842833940994565
98,0.000294519311435158
99,0.00023872971567603072
100,0.00028452203111380955
101,0.00022900592794839673
102,0.00027437180771957897
103,0.00021927803900032307
104,0.0002641456308417129
105,0.00020957080760023578
106,0.0002538072836803632
107,0.00019989717632761618
108,0.0002434882912541336
109,0.0001902931467384043
110,0.0002330959472212166
111,0.00018076623789424332
112,0.00022268031135149824
113,0.00017135956446302067
114,0.0002122815216736172
115,0.00016208347162282528
116,0.00020192395404088922
117,0.00015297722409437516
118,0.00019170887992788827
119,0.00014405206655317192
120,0.00018155103124933424
121,0.00013533673963760556
122,0.0001715343975405356
123,0.00012685987915739825
124,0.00016170079907565143
125,0.0001186306010714277
126,0.00015206647237383947
127,0.0001106884077094612
128,0.0001426872021049014
129,0.00010302457465200803
130,0.00013353608786440633
131,9.56720947307151e-05
132,0.0001246897520059939
133,8.864219828939078e-05
134,0.00011609743066086522
135,8.193874590339877e-05
136,0.00010788627210732836
137,7.55720719376692e-05
138,0.00010001938719748153
139,6.953870114554674e-05
140,9.254717130939169e-05
141,6.385147379079442e-05
142,8.529110823945339e-05
143,5.850175463669747e-05
144,7.85773300992603e-05
145,5.3481875295387235e-05
146,7.21155320906418e-05
147,4.8801082095316116e-05
148,6.612328746318686e-05
149,4.4439510038900355e-05
150,6.0455036777895145e-05
151,4.0388112516018834e-05
152,5.5240225093931206e-05
153,3.66386154188141e-05
154,5.022655113268145e-05
155,3.317620554283495e-05
156,4.570076643196406e-05
157,2.999491398383536e-05
158,4.138023148789276e-05
159,2.7071674948254732e-05
160,3.7709069228293184e-05
161,2.439198094665336e-05
162,3.406234046818407e-05
163,2.1944616072710406e-05
164,3.0769866156275294e-05
165,1.9720095020417334e-05
166,2.7777052677245773e-05
167,1.7695155218174298e-05
168,2.4959588090569687e-05
169,1.5858179981087444e-05
170,2.2559686540515985e-05
171,1.4190753938171964e-05
172,2.0336390999082713e-05
173,1.2690529312436628e-05
174,1.814734819772985e-05
175,1.1334789969076336e-05
176,1.6161317743356742e-05
177,1.0108207210890733e-05
178,1.459155852364552e-05
179,9.010070165393478e-06
180,1.3200368213558516e-05
181,8.025796135973966e-06
182,1.1503428281807647e-05
183,7.141936796774475e-06
184,1.0445306342662349e-05
185,6.3588535517227046e-06
186,9.714217796033775e-06
187,5.652263017390792e-06
188,8.702971415187035e-06
189,5.019731871695248e-06
190,7.5755654182766745e-06
191,4.446786702997797e-06
192,6.169292409939045e-06
193,3.9523148300494e-06
194,7.30952061740737e-06
195,3.515956401664917e-06
196,6.14003842409295e-06
197,3.0982178472651847e-06
198,4.9751625745049504e-06
199,2.7527365437290773e-06
200,4.769290926035159e-06
201,2.4475076712234497e-06
202,4.97239415321446e-06
203,2.1830955677594476e-06
204,4.2645676722011e-06
205,1.911114376569496e-06
206,4.948980829919745e-06
207,1.694888670038945e-06
208,4.503915799028505e-06
209,1.4844998973087258e-06
210,4.441027629976357e-16
211,1.3551529731242576e-06
212,9.556110933994744e-07
213,1.2032433065508583e-06
214,4.370033301052498e-06
215,1.074026073962869e-06
216,2.2205138149881785e-16
217,9.697699799095504e-07
218,2.2205138149881785e-16
219,8.303730902329213e-07
220,3.288509128327327e-06
221,7.311680501063677e-07
222,0.0
223,6.885346687530735e-07
224,4.441027629976357e-16
225,5.517873956301463e-07
226,4.441027629976357e-16
227,6.339402904828298e-07
228,2.2205138149881785e-16
229,4.967687445938409e-07
230,2.2205138149881785e-16
231,4.625063550181216e-07
232,0.0
233,3.1791749345538915e-07
234,4.441027629976357e-16
235,9.772993142497335e-08
236,2.2205138149881785e-16
237,2.0633239037529056e-07
238,4.441027629976357e-16
239,3.453589097883793e-07
240,0.0
241,7.226195336077994e-08
242,2.2205138149881785e-16
243,4.5866474937577317e-07
244,2.2205138149881785e-16
245,4.178600872104751e-07
246,4.441027629976357e-16
247,0.0
248,4.441027629976357e-16
249,1.1102569074940892e-16
250,0.0
251,1.1102569074940892e-16
252,0.0
253,0.0
254,0.0
255,3.5853606309714625e-07
256,0.0
257,0.0
258,4.441027629976357e-16
259,4.302420973852232e-07
260,4.441027629976357e-16
261,0.0
262,2.6074142944845323e-06
263,2.2205138149881785e-16
264,0.0
265,0.0
266,4.441027629976357e-16
267,3.251797524956941e-07
268,0.0
269,1.1102569074940892e-16
270,4.441027629976357e-16
271,0.0
272,0.0
273,4.35602436230179e-07
274,2.2205138149881785e-16
275,1.1102569074940892e-16
276,4.441027629976357e-16
277,1.1102569074940892e-16
278,2.2205138149881785e-16
279,0.0
280,4.441027629976357e-16
281,0.0
282,4.441027629976357e-16
283,1.1102569074940892e-16
284,0.0
285,1.1102569074940892e-16
286,2.2205138149881785e-16
287,2.2205138149881785e-16
288,4.441027629976357e-16
289,0.0
290,4.441027629976357e-16
291,2.2205138149881785e-16
292,0.0
293,1.1102569074940892e-16
294,0.0
295,0.0
296,4.441027629976357e-16
297,2.2205138149881785e-16
298,2.2205138149881785e-16
299,0.0
300,4.441027629976357e-16
301,0.0
302,2.2205138149881785e-16
303,0.0
304,4.441027629976357e-16
305,1.1102569074940892e-16
306,2.2205138149881785e-16
307,1.1102569074940892e-16
308,0.0
309,0.0
310,2.2205138149881785e-16
311,1.1102569074940892e-16
312,2.2205138149881785e-16
313,1.1102569074940892e-16
314,4.441027629976357e-16
315,2.2205138149881785e-16
316,2.2205138149881785e-16
317,0.0
318,2.2205138149881785e-16
319,1.1102569074940892e-16
320,4.441027629976357e-16
321,1.1102569074940892e-16
322,4.441027629976357e-16
323,1.1102569074940892e-16
324,4.441027629976357e-16
325,1.1102569074940892e-16
326,4.441027629976357e-16
327,2.2205138149881785e-16
328,2.2205138149881785e-16
329,0.0
330,2.2205138149881785e-16
331,0.0
332,2.2205138149881785e-16
333,1.1102569074940892e-16
334,4.441027629976357e-16
335,0.0
336,4.441027629976357e-16
337,1.1102569074940892e-16
338,4.441027629976357e-16
339,0.0
340,4.441027629976357e-16
341,1.1102569074940892e-16
342,2.2205138149881785e-16
343,1.1102569074940892e-16
344,2.2205138149881785e-16
345,0.0
346,2.2205138149881785e-16
347,1.1102569074940892e-16
348,2.2205138149881785e-16
349,1.1102569074940892e-16
350,2.2205138149881785e-16
351,2.2205138149881785e-16
352,0.0
353,0.0
354,0.0
355,1.1102569074940892e-16
356,0.0
357,0.0
358,0.0
359,0.0
360,0.0
361,0.0
362,0.0
363,0.0
364,0.0
365,0.0
366,0.0
367,1.1102569074940892e-16
368,0.0
369,1.1102569074940892e-16
370,0.0
371,1.1102569074940892e-16
372,0.0
373,1.1102569074940892e-16
374,0.0
375,1.1102569074940892e-16
376,0.0
377,1.1102569074940892e-16
378,0.0
379,0.0
380,0.0
381,0.0
382,0.0
383,0.0
384,0.0
385,0.0
386,0.0
387,0.0
388,0.0
389,0.0
390,0.0
391,0.0
392,0.0
393,0.0
394,0.0
395,0.0
396,0.0
397,0.0
398,0.0
399,0.0
400,0.0
401,0.0
402,0.0
403,0.0
404,0.0
405,0.0
406,0.0
407,0.0
408,0.0
409,0.0
410,0.0
411,0.0
412,0.0
413,0.0
414,0.0
415,0.0
416,0.0
417,0.0
418,0.0
419,0.0
420,0.0
421,0.0
422,0.0
423,0.0
424,0.0
425,0.0
426,0.0
427,0.0
428,0.0
429,1.1102569074940892e-16
430,0.0
431,1.1102569074940892e-16
432,0.0
433,1.1102569074940892e-16
434,2.2205138149881785e-16
435,1.1102569074940892e-16
436,2.2205138149881785e-16
437,1.1102569074940892e-16
438,2.2205138149881785e-16
439,1.1102569074940892e-16
440,2.2205138149881785e-16
441,1.1102569074940892e-16
442,2.2205138149881785e-16
443,1.1102569074940892e-16
444,2.2205138149881785e-16
445,1.1102569074940892e-16
446,2.2205138149881785e-16
447,1.1102569074940892e-16
448,2.2205138149881785e-16
449,1.1102569074940892e-16
450,2.2205138149881785e-16
451,1.1102569074940892e-16
452,2.2205138149881785e-16
453,1.1102569074940892e-16
454,2.2205138149881785e-16
455,1.1102569074940892e-16
456,2.2205138149881785e-16
457,1.1102569074940892e-16
458,2.2205138149881785e-16
459,1.1102569074940892e-16
460,2.2205138149881785e-16
461,1.1102569074940892e-16
462,2.2205138149881785e-16
463,1.1102569074940892e-16
464,2.2205138149881785e-16
465,1.1102569074940892e-16
466,2.2205138149881785e-16
467,1.1102569074940892e-16
468,2.2205138149881785e-16
469,1.1102569074940892e-16
470,2.2205138149881785e-16
471,1.1102569074940892e-16
472,2.2205138149881785e-16
473,1.1102569074940892e-16
474,2.2205138149881785e-16
475,1.1102569074940892e-16
476,2.2205138149881785e-16
477,1.1102569074940892e-16
478,2.2205138149881785e-16
479,1.1102569074940892e-16
480,2.2205138149881785e-16
481,1.1102569074940892e-16
482,2.2205138149881785e-16
483,1.1102569074940892e-16
484,2.2205138149881785e-16
485,1.1102569074940892e-16
486,2.2205138149881785e-16
487,1.1102569074940892e-16
488,2.2205138149881785e-16
489,1.1102569074940892e-16
490,2.2205138149881785e-16
491,1.1102569074940892e-16
492,2.2205138149881785e-16
493,1.1102569074940892e-16
494,2.2205138149881785e-16
495,1.1102569074940892e-16
496,2.2205138149881785e-16
497,1.1102569074940892e-16
498,2.2205138149881785e-16
499,1.1102569074940892e-16
500,2.2205138149881785e-16
