time,std
0,0.0599273997624435
1,0.004129533665928529
2,0.003127693167900571
3,0.0028616186047203712
4,0.002630630220666716
5,0.00266548863166396
6,0.002519784787531925
7,0.002665160886330664
8,0.0025003049946637447
9,0.0027700137533559358
10,0.0024349136589892897
11,0.002794454091677102
12,0.002254417160887232
13,0.00269777660943242
14,0.0019026741328358996
15,0.0023807787837291546
16,0.0013902163958533602
17,0.0017862768824040843
18,0.0008209175687631285
19,0.0010274669418701926
20,0.00035252506366556475
21,0.000400139072608241
22,9.001829398380746e-05
23,8.393111966754552e-05
24,2.6883423465013963e-06
25,5.27826708292418e-06
26,8.28809761889874e-06
27,1.1239748781397963e-05
28,3.7713030990195336e-06
29,4.7134692533946394e-06
30,7.71328921611157e-07
31,4.441027629976357e-16
32,4.270530527182591e-07
33,1.725107765483501e-06
34,4.829816694450517e-07
35,4.441027629976357e-16
36,5.551284537470446e-17
37,0.0
38,0.0
39,0.0
40,0.0
41,0.0
42,0.0
43,0.0
44,3.872142253991566e-07
45,0.0
46,5.551284537470446e-17
47,0.0
48,5.551284537470446e-17
49,0.0
50,5.551284537470446e-17
51,0.0
52,5.551284537470446e-17
53,0.0
54,5.551284537470446e-17
55,4.441027629976357e-16
56,5.551284537470446e-17
57,4.441027629976357e-16
58,5.551284537470446e-17
59,4.441027629976357e-16
60,5.551284537470446e-17
61,4.441027629976357e-16
62,5.551284537470446e-17
63,4.441027629976357e-16
64,5.551284537470446e-17
65,4.441027629976357e-16
66,5.551284537470446e-17
67,4.441027629976357e-16
68,5.551284537470446e-17
69,4.441027629976357e-16
70,5.551284537470446e-17
71,4.441027629976357e-16
72,5.551284537470446e-17
73,4.441027629976357e-16
74,5.551284537470446e-17
75,4.441027629976357e-16
76,5.551284537470446e-17
77,4.441027629976357e-16
78,5.551284537470446e-17
79,4.441027629976357e-16
80,5.551284537470446e-17
81,4.441027629976357e-16
82,5.551284537470446e-17
83,4.441027629976357e-16
84,5.551284537470446e-17
85,4.441027629976357e-16
86,5.551284537470446e-17
87,4.441027629976357e-16
88,5.551284537470446e-17
89,4.441027629976357e-16
90,5.551284537470446e-17
91,4.441027629976357e-16
92,5.551284537470446e-17
93,4.441027629976357e-16
94,5.551284537470446e-17
95,4.441027629976357e-16
96,5.551284537470446e-17
97,4.441027629976357e-16
98,5.551284537470446e-17
99,4.441027629976357e-16
100,5.551284537470446e-17
101,4.441027629976357e-16
102,5.551284537470446e-17
103,4.441027629976357e-16
104,5.551284537470446e-17
105,4.441027629976357e-16
106,5.551284537470446e-17
107,4.441027629976357e-16
108,5.551284537470446e-17
109,4.441027629976357e-16
110,5.551284537470446e-17
111,4.441027629976357e-16
112,5.551284537470446e-17
113,4.441027629976357e-16
114,5.551284537470446e-17
115,4.441027629976357e-16
116,5.551284537470446e-17
117,4.441027629976357e-16
118,5.551284537470446e-17
119,4.441027629976357e-16
120,5.551284537470446e-17
121,4.441027629976357e-16
122,5.551284537470446e-17
123,4.441027629976357e-16
124,5.551284537470446e-17
125,4.441027629976357e-16
126,5.551284537470446e-17
127,4.441027629976357e-16
128,5.551284537470446e-17
129,4.441027629976357e-16
130,5.551284537470446e-17
131,4.441027629976357e-16
132,5.551284537470446e-17
133,4.441027629976357e-16
134,5.551284537470446e-17
135,4.441027629976357e-16
136,5.551284537470446e-17
137,4.441027629976357e-16
138,5.551284537470446e-17
139,4.441027629976357e-16
140,5.551284537470446e-17
141,4.441027629976357e-16
142,5.551284537470446e-17
143,4.441027629976357e-16
144,5.551284537470446e-17
145,4.441027629976357e-16
146,5.551284537470446e-17
147,4.441027629976357e-16
148,5.551284537470446e-17
149,4.441027629976357e-16
150,5.551284537470446e-17
151,4.441027629976357e-16
152,5.551284537470446e-17
153,4.441027629976357e-16
154,5.551284537470446e-17
155,4.441027629976357e-16
156,5.551284537470446e-17
157,4.441027629976357e-16
158,5.551284537470446e-17
159,4.441027629976357e-16
160,5.551284537470446e-17
161,4.441027629976357e-16
162,5.551284537470446e-17
163,4.441027629976357e-16
164,5.551284537470446e-17
165,4.441027629976357e-16
166,5.551284537470446e-17
167,4.441027629976357e-16
168,5.551284537470446e-17
169,4.441027629976357e-16
170,5.551284537470446e-17
171,4.441027629976357e-16
172,5.551284537470446e-17
173,4.441027629976357e-16
174,5.551284537470446e-17
175,4.441027629976357e-16
176,5.551284537470446e-17
177,4.441027629976357e-16
178,5.551284537470446e-17
179,4.441027629976357e-16
180,5.551284537470446e-17
181,4.441027629976357e-16
182,5.551284537470446e-17
183,4.441027629976357e-16
184,5.551284537470446e-17
185,4.441027629976357e-16
186,5.551284537470446e-17
187,4.441027629976357e-16
188,5.551284537470446e-17
189,4.441027629976357e-16
190,5.551284537470446e-17
191,4.441027629976357e-16
192,5.551284537470446e-17
193,4.441027629976357e-16
194,5.551284537470446e-17
195,4.441027629976357e-16
196,5.551284537470446e-17
197,4.441027629976357e-16
198,5.551284537470446e-17
199,4.441027629976357e-16
200,5.551284537470446e-17
201,4.441027629976357e-16
202,5.551284537470446e-17
203,4.441027629976357e-16
204,5.551284537470446e-17
205,4.441027629976357e-16
206,5.551284537470446e-17
207,4.441027629976357e-16
208,5.551284537470446e-17
209,4.441027629976357e-16
210,5.551284537470446e-17
211,4.441027629976357e-16
212,5.551284537470446e-17
213,4.441027629976357e-16
214,5.551284537470446e-17
215,4.441027629976357e-16
216,5.551284537470446e-17
217,4.441027629976357e-16
218,5.551284537470446e-17
219,4.441027629976357e-16
220,5.551284537470446e-17
221,4.441027629976357e-16
222,5.551284537470446e-17
223,4.441027629976357e-16
224,5.551284537470446e-17
225,4.441027629976357e-16
226,5.551284537470446e-17
227,4.441027629976357e-16
228,5.551284537470446e-17
229,4.441027629976357e-16
230,5.551284537470446e-17
231,4.441027629976357e-16
232,5.551284537470446e-17
233,4.441027629976357e-16
234,5.551284537470446e-17
235,4.441027629976357e-16
236,5.551284537470446e-17
237,4.441027629976357e-16
238,5.551284537470446e-17
239,4.441027629976357e-16
240,5.551284537470446e-17
241,4.441027629976357e-16
242,5.551284537470446e-17
243,4.441027629976357e-16
244,5.551284537470446e-17
245,4.441027629976357e-16
246,5.551284537470446e-17
247,4.441027629976357e-16
248,5.551284537470446e-17
249,4.441027629976357e-16
250,5.551284537470446e-17
251,4.441027629976357e-16
252,5.551284537470446e-17
253,4.441027629976357e-16
254,5.551284537470446e-17
255,4.441027629976357e-16
256,5.551284537470446e-17
257,4.441027629976357e-16
258,5.551284537470446e-17
259,4.441027629976357e-16
260,5.551284537470446e-17
261,4.441027629976357e-16
262,5.551284537470446e-17
263,4.441027629976357e-16
264,5.551284537470446e-17
265,4.441027629976357e-16
266,5.551284537470446e-17
267,4.441027629976357e-16
268,5.551284537470446e-17
269,4.441027629976357e-16
270,5.551284537470446e-17
271,4.441027629976357e-16
272,5.551284537470446e-17
273,4.441027629976357e-16
274,5.551284537470446e-17
275,4.441027629976357e-16
276,5.551284537470446e-17
277,4.441027629976357e-16
278,5.551284537470446e-17
279,4.441027629976357e-16
280,5.551284537470446e-17
281,4.441027629976357e-16
282,5.551284537470446e-17
283,4.441027629976357e-16
284,5.551284537470446e-17
285,4.441027629976357e-16
286,5.551284537470446e-17
287,4.441027629976357e-16
288,5.551284537470446e-17
289,4.441027629976357e-16
290,5.551284537470446e-17
291,4.441027629976357e-16
292,5.551284537470446e-17
293,4.441027629976357e-16
294,5.551284537470446e-17
295,4.441027629976357e-16
296,5.551284537470446e-17
297,4.441027629976357e-16
298,5.551284537470446e-17
299,4.441027629976357e-16
300,5.551284537470446e-17
301,4.441027629976357e-16
302,5.551284537470446e-17
303,4.441027629976357e-16
304,5.551284537470446e-17
305,4.441027629976357e-16
306,5.551284537470446e-17
307,4.441027629976357e-16
308,5.551284537470446e-17
309,4.441027629976357e-16
310,5.551284537470446e-17
311,4.441027629976357e-16
312,5.551284537470446e-17
313,4.441027629976357e-16
314,5.551284537470446e-17
315,4.441027629976357e-16
316,5.551284537470446e-17
317,4.441027629976357e-16
318,5.551284537470446e-17
319,4.441027629976357e-16
320,5.551284537470446e-17
321,4.441027629976357e-16
322,5.551284537470446e-17
323,4.441027629976357e-16
324,5.551284537470446e-17
325,4.441027629976357e-16
326,5.551284537470446e-17
327,4.441027629976357e-16
328,5.551284537470446e-17
329,4.441027629976357e-16
330,5.551284537470446e-17
331,4.441027629976357e-16
332,5.551284537470446e-17
333,4.441027629976357e-16
334,5.551284537470446e-17
335,4.441027629976357e-16
336,5.551284537470446e-17
337,4.441027629976357e-16
338,5.551284537470446e-17
339,4.441027629976357e-16
340,5.551284537470446e-17
341,4.441027629976357e-16
342,5.551284537470446e-17
343,4.441027629976357e-16
344,5.551284537470446e-17
345,4.441027629976357e-16
346,5.551284537470446e-17
347,4.441027629976357e-16
348,5.551284537470446e-17
349,4.441027629976357e-16
350,5.551284537470446e-17
351,4.441027629976357e-16
352,5.551284537470446e-17
353,4.441027629976357e-16
354,5.551284537470446e-17
355,4.441027629976357e-16
356,5.551284537470446e-17
357,4.441027629976357e-16
358,5.551284537470446e-17
359,4.441027629976357e-16
360,5.551284537470446e-17
361,4.441027629976357e-16
362,5.551284537470446e-17
363,4.441027629976357e-16
364,5.551284537470446e-17
365,4.441027629976357e-16
366,5.551284537470446e-17
367,4.441027629976357e-16
368,5.551284537470446e-17
369,4.441027629976357e-16
370,5.551284537470446e-17
371,4.441027629976357e-16
372,5.551284537470446e-17
373,4.441027629976357e-16
374,5.551284537470446e-17
375,4.441027629976357e-16
376,5.551284537470446e-17
377,4.441027629976357e-16
378,5.551284537470446e-17
379,4.441027629976357e-16
380,5.551284537470446e-17
381,4.441027629976357e-16
382,5.551284537470446e-17
383,4.441027629976357e-16
384,5.551284537470446e-17
385,4.441027629976357e-16
386,5.551284537470446e-17
387,4.441027629976357e-16
388,5.551284537470446e-17
389,4.441027629976357e-16
390,5.551284537470446e-17
391,4.441027629976357e-16
392,5.551284537470446e-17
393,4.441027629976357e-16
394,5.551284537470446e-17
395,4.441027629976357e-16
396,5.551284537470446e-17
397,4.441027629976357e-16
398,5.551284537470446e-17
399,4.441027629976357e-16
400,5.551284537470446e-17
401,4.441027629976357e-16
402,5.551284537470446e-17
403,4.441027629976357e-16
404,5.551284537470446e-17
405,4.441027629976357e-16
406,5.551284537470446e-17
407,4.441027629976357e-16
408,5.551284537470446e-17
409,4.441027629976357e-16
410,5.551284537470446e-17
411,4.441027629976357e-16
412,5.551284537470446e-17
413,4.441027629976357e-16
414,5.551284537470446e-17
415,4.441027629976357e-16
416,5.551284537470446e-17
417,4.441027629976357e-16
418,5.551284537470446e-17
419,4.441027629976357e-16
420,5.551284537470446e-17
421,4.441027629976357e-16
422,5.551284537470446e-17
423,4.441027629976357e-16
424,5.551284537470446e-17
425,4.441027629976357e-16
426,5.551284537470446e-17
427,4.441027629976357e-16
428,5.551284537470446e-17
429,4.441027629976357e-16
430,5.551284537470446e-17
431,4.441027629976357e-16
432,5.551284537470446e-17
433,4.441027629976357e-16
434,5.551284537470446e-17
435,0.0
436,5.551284537470446e-17
437,0.0
438,5.551284537470446e-17
439,0.0
440,5.551284537470446e-17
441,0.0
442,5.551284537470446e-17
443,0.0
444,5.551284537470446e-17
445,0.0
446,5.551284537470446e-17
447,0.0
448,5.551284537470446e-17
449,0.0
450,5.551284537470446e-17
451,0.0
452,5.551284537470446e-17
453,0.0
454,5.551284537470446e-17
455,0.0
456,5.551284537470446e-17
457,0.0
458,5.551284537470446e-17
459,0.0
460,5.551284537470446e-17
461,0.0
462,5.551284537470446e-17
463,0.0
464,5.551284537470446e-17
465,0.0
466,5.551284537470446e-17
467,0.0
468,5.551284537470446e-17
469,0.0
470,5.551284537470446e-17
471,0.0
472,5.551284537470446e-17
473,0.0
474,5.551284537470446e-17
475,0.0
476,5.551284537470446e-17
477,0.0
478,5.551284537470446e-17
479,0.0
480,5.551284537470446e-17
481,0.0
482,5.551284537470446e-17
483,0.0
484,5.551284537470446e-17
485,0.0
486,5.551284537470446e-17
487,0.0
488,5.551284537470446e-17
489,0.0
490,5.551284537470446e-17
491,0.0
492,5.551284537470446e-17
493,0.0
494,5.551284537470446e-17
495,0.0
496,5.551284537470446e-17
497,0.0
498,5.551284537470446e-17
499,0.0
500,5.551284537470446e-17
