time,std
0,0.060269668881667085
1,0.0019415760852673544
2,0.0025306781412227372
3,0.0016349306366271344
4,0.002806204628913956
5,0.0016911338227325486
6,0.00278683244118742
7,0.002054694316519271
8,0.0018226682078920403
9,0.003266880202061204
10,0.0004321183242799817
11,5.214738506366443e-05
12,0.00024849913965639323
13,0.007261082100351251
14,0.005481385670912043
15,0.009203032119984385
16,0.0013983955390299582
17,0.0023285170197329726
18,0.0005145535085327161
19,0.01526000654143519
20,0.013077367882955597
21,0.016309779153362798
22,0.004911516963895982
23,0.0163502236252416
24,0.0003096786484845627
25,0.02099738007918069
26,0.01899423563783375
27,0.021199071523759338
28,0.008097092484755854
29,0.025926856007154192
30,0.00010130695488212953
31,0.04182208752328137
32,0.032158983874026485
33,0.05223914719627454
34,0.008600505317210055
35,0.016480023138515508
36,0.003222445738595928
37,0.07419220194632929
38,0.06043057495269526
39,0.09095192983912403
40,0.018789820508645624
41,0.048795781675584446
42,0.004406108249666296
43,0.06657273908654009
44,0.04723357304335834
45,0.07439949025679342
46,0.010688500080075707
47,0.01949650017705067
48,0.003933096774059467
49,0.0833507608066995
50,0.0657111407610336
51,0.09654138177574619
52,0.020862296305863393
53,0.057203824527127696
54,0.0034683039589140773
55,0.04177396949767468
56,0.026454924889054682
57,0.04171183832330821
58,0.004750106963975298
59,0.003822126956861011
60,0.002200925374442802
61,0.05351076042196666
62,0.036374214910482594
63,0.056867369578583474
64,0.007940289932085903
65,0.014373364394252911
66,0.00273674250258535
67,0.06400694911568285
68,0.04665189230787646
69,0.06861009280727653
70,0.012656166040013673
71,0.033233794574036156
72,0.002469971499990516
73,0.038309244356915684
74,0.030465390018089775
75,0.03953465552338841
76,0.010636565067176812
77,0.035472125339595095
78,0.0007762066239691042
79,0.04207572858969132
80,0.0344403337162907
81,0.04500394536085003
82,0.012618184391966726
83,0.0421067958707724
84,0.0009729416115877259
85,0.047843135897873985
86,0.03922233846568658
87,0.05000196668523317
88,0.014799054132248707
89,0.04919847428038722
90,0.0008631818504112853
91,0.06268998578511048
92,0.049371832099109794
93,0.07033082967001801
94,0.016437672229862643
95,0.05030053793921307
96,0.002342498881578337
97,0.029108112720486162
98,0.020675927128323796
99,0.024539072515481625
100,0.005888674582339072
101,0.018315509775029982
102,0.0004262863785213137
103,0.017939809939830742
104,0.014974362338019857
105,0.015969995459318438
106,0.006107038395561465
107,0.019059076178943538
108,0.00010271142625644246
109,0.029621772813950724
110,0.019218783387914506
111,0.037960099653744375
112,0.003441416253828734
113,0.013566970968415635
114,0.004659560761505499
115,0.05950790612785535
116,0.02867606456075137
117,0.06752382162749655
118,0.002709827576750413
119,0.035866996011615346
120,0.014324610664456073
121,0.03484968868491753
122,0.000621142668993527
123,0.021874001768292146
124,0.009369798951121115
125,0.023563112562651235
126,0.0001451932625015047
127,0.0193280699028108
128,0.008372078376583674
129,0.021364236715897773
130,0.00013873950093806889
131,0.017990904615319738
132,0.008182525178438795
133,0.021165736623643846
134,0.00016564854512122603
135,0.01911195927298123
136,0.008322678052047772
137,0.022054628546967287
138,0.0002453486678899165
139,0.018347037642915894
140,0.009163589198681352
141,0.023833535605216206
142,0.00046966520441799503
143,0.02295983251026078
144,0.008891117860291857
145,0.02079129678166864
146,0.0013107873926837229
147,0.0068474549325136455
148,0.004109625074243308
149,0.009938717297519769
150,0.0003647905452879091
151,0.008904917076834605
152,0.002943547686327174
153,0.0026182321429618722
154,0.001213465430068457
155,0.01570628420892563
156,0.008004299018872705
157,0.02193975666566267
158,7.90160792201294e-05
159,0.021749091399485856
160,0.01049301318071427
161,0.02856749962299011
162,0.00019927131661207127
163,0.028476957891631148
164,0.01304928406987779
165,0.03558531901934147
166,0.0002868526261813063
167,0.03142545743684142
168,0.015303345458154469
169,0.04119196066653412
170,0.000434721024191507
171,0.040279474742003885
172,0.017620782432072556
173,0.046573365708021515
174,0.0009754671177966167
175,0.03070961721732926
176,0.014771836023119359
177,0.039415076571613694
178,0.0005337219492745376
179,0.03828847736103175
180,0.01599313276704473
181,0.04079103463232159
182,0.001438857146063887
183,0.017113486411584614
184,0.007945849188530895
185,0.020579756957462357
186,0.00039674034488689186
187,0.019709836558884197
188,0.0075865003931620476
189,0.01765905633411179
190,0.0011599697795638274
191,0.005759614650867068
192,0.0036114041129111955
193,0.008718220603414921
194,0.0003354742382387969
195,0.007697572862493359
196,0.002498885043014727
197,0.0014633836597632924
198,0.0011681327085083424
199,0.014574846048141204
200,0.007084502144288802
201,0.0194570587919461
202,0.0002109552638598015
203,0.016958909642915732
204,0.00890258592285545
205,0.023061142192774997
206,0.0005968736884673368
207,0.022585349810701785
208,0.008389448712416061
209,0.01734494682043397
210,0.0017312784000137402
211,0.015302249197973107
212,0.009083752508976086
213,0.023024989997989683
214,0.0007058888085531682
215,0.022040475636807343
216,0.007817073196141678
217,0.01290240893171088
218,0.002211458902870788
219,0.025710952703109812
220,0.014262610164169456
221,0.037660985699379576
222,0.0006944938541059434
223,0.037942453253107106
224,0.01546679227542833
225,0.03827974412674153
226,0.001743586070629972
227,0.009745046631946207
228,0.003960049594927735
229,0.009398249072950234
230,0.00018206161787425433
231,0.00819987073414548
232,0.003040176614321941
233,0.006903359233352576
234,0.00048236784504596873
235,0.002497131567581402
236,0.0016755198961745418
237,0.0040087143390396505
238,0.00018344390893187016
239,0.0033686421376604315
240,0.0010430454448158604
241,0.0007415145260588705
242,0.0007520910478920617
243,0.007378805547312048
244,0.003095623052569057
245,0.006905349078970249
246,0.0005429886553263787
247,0.0037561206495256697
248,0.0024567376549431215
249,0.0058077097306652925
250,0.00028368964169805776
251,0.004658708370395273
252,0.0014082214304746792
253,0.0021370902905554997
254,0.001272275930453399
255,0.009916393203803064
256,0.003888164436252001
257,0.004868837643058673
258,0.0013382267402925103
259,0.01785567245076149
260,0.009738569903487938
261,0.02601432762124207
262,0.0004081009771315675
263,0.02688355891156491
264,0.011311832951637898
265,0.0297946584278235
266,0.0008863593822776569
267,0.01522831973165883
268,0.007809157024727936
269,0.01985459852107862
270,0.0006096945885414231
271,0.018610897544722206
272,0.006498667826172445
273,0.009851059602712523
274,0.00198874128452566
275,0.024350386944986608
276,0.01336681655271842
277,0.035522897849332345
278,0.0005844203112589225
279,0.03612277150676431
280,0.015065125178515222
281,0.038626565285036336
282,0.001360257991379528
283,0.015805975780759426
284,0.007480374951453966
285,0.019320058258628897
286,0.0004357173627647245
287,0.018655897624822143
288,0.007009469466141065
289,0.015357827936829006
290,0.0012761663804584163
291,0.009194046422351972
292,0.005718137749835775
293,0.014147761355937857
294,0.0005240992934892005
295,0.012928892564078547
296,0.004299953829139897
297,0.003721304437659348
298,0.0018160819081726944
299,0.023075388636246946
300,0.011655620685362428
