time,std
0,0.060692636860559854
1,0.0031008789004794237
2,0.002075418821195388
3,0.0014811859893066053
4,0.001198683272104846
5,0.0009586709762803345
6,0.0008207621938361325
7,0.0006847848449546666
8,0.0006018068605450062
9,0.0005130145386389837
10,0.00045572665028127034
11,0.0003938582113819553
12,0.00035253500695828476
13,0.00030774559728503204
14,0.0002769031452804474
15,0.00024359658710037743
16,0.00022002530946661964
17,0.00019480067059173396
18,0.00017650710349991538
19,0.0001570636939247013
20,0.000142677411890992
21,0.00012750217898529188
22,0.00011606018962177615
23,0.00010408602975022635
24,9.488419837092823e-05
25,8.536012164716255e-05
26,7.793631914694618e-05
27,7.027829477576572e-05
28,6.42903305466082e-05
29,5.805118062571834e-05
30,5.3165602994847654e-05
31,4.8078682722933224e-05
32,4.410628608783516e-05
33,3.990703122028379e-05
34,3.6714043698016445e-05
35,3.319396722638913e-05
36,3.038499932685997e-05
37,2.7657115581097197e-05
38,2.5502215339956293e-05
39,2.3075231005831426e-05
40,2.1515793848102962e-05
41,1.927347802498995e-05
42,1.7991614780598246e-05
43,1.6124344357938025e-05
44,1.5173378538360126e-05
45,1.3502241106945675e-05
46,1.2751135751380032e-05
47,1.1310983360703006e-05
48,1.102559080171186e-05
49,9.493091224916847e-06
50,9.068235954724728e-06
51,7.961452807046547e-06
52,8.264163890507464e-06
53,6.69602612126541e-06
54,6.638697282812818e-06
55,5.616487531119848e-06
56,6.222949849048777e-06
57,4.714252064957319e-06
58,5.172964203480442e-06
59,3.9840595544997665e-06
60,4.9644651781672926e-06
61,3.3505393245162813e-06
62,4.477012709466718e-06
63,2.831670780129058e-06
64,4.511241695976649e-06
65,2.3809373807210038e-06
66,4.9856256633364345e-06
67,2.0179357993717434e-06
68,3.987801213557658e-06
69,1.7076182961018238e-06
70,0.0
71,1.4463473790898239e-06
72,2.322122804240864e-06
73,1.233768307207826e-06
74,4.999701800704882e-06
75,1.0911715951747258e-06
76,4.999570466537827e-06
77,9.075163770171119e-07
78,4.441027629976357e-16
79,7.52253282927091e-07
80,4.9471158680347555e-06
81,6.867618373949413e-07
82,2.2205138149881785e-16
83,6.273667096090231e-07
84,0.0
85,4.977726595741383e-07
86,4.9905294080646505e-06
87,4.521391494042918e-07
88,2.2205138149881785e-16
89,4.940938769507371e-07
90,0.0
91,4.3713899524992773e-07
92,2.2205138149881785e-16
93,3.3354513810460154e-07
94,2.2205138149881785e-16
95,3.558455013075421e-07
96,2.2205138149881785e-16
97,3.3307707224822677e-16
98,4.441027629976357e-16
99,4.999532612104896e-07
100,0.0
101,1.1102569074940892e-16
102,0.0
103,4.967966420093056e-07
104,2.2205138149881785e-16
105,4.958117263720043e-07
106,4.441027629976357e-16
107,3.3307707224822677e-16
108,2.2205138149881785e-16
109,1.1102569074940892e-16
110,2.2205138149881785e-16
111,0.0
112,0.0
113,2.2205138149881785e-16
114,0.0
115,3.3307707224822677e-16
116,0.0
117,2.2205138149881785e-16
118,2.2205138149881785e-16
119,4.441027629976357e-16
120,2.2205138149881785e-16
121,2.2205138149881785e-16
122,2.2205138149881785e-16
123,3.3307707224822677e-16
124,2.2205138149881785e-16
125,3.3307707224822677e-16
126,2.2205138149881785e-16
127,0.0
128,2.2205138149881785e-16
129,2.2205138149881785e-16
130,2.2205138149881785e-16
131,2.2205138149881785e-16
132,2.2205138149881785e-16
133,4.441027629976357e-16
134,2.2205138149881785e-16
135,0.0
136,2.2205138149881785e-16
137,2.2205138149881785e-16
138,2.2205138149881785e-16
139,2.2205138149881785e-16
140,2.2205138149881785e-16
141,2.2205138149881785e-16
142,2.2205138149881785e-16
143,0.0
144,2.2205138149881785e-16
145,4.441027629976357e-16
146,2.2205138149881785e-16
147,4.441027629976357e-16
148,2.2205138149881785e-16
149,1.1102569074940892e-16
150,0.0
151,2.2205138149881785e-16
152,0.0
153,2.2205138149881785e-16
154,0.0
155,3.3307707224822677e-16
156,0.0
157,3.3307707224822677e-16
158,0.0
159,3.3307707224822677e-16
160,0.0
161,2.2205138149881785e-16
162,0.0
163,2.2205138149881785e-16
164,0.0
165,2.2205138149881785e-16
166,0.0
167,2.2205138149881785e-16
168,0.0
169,3.3307707224822677e-16
170,0.0
171,3.3307707224822677e-16
172,0.0
173,3.3307707224822677e-16
174,0.0
175,3.3307707224822677e-16
176,0.0
177,3.3307707224822677e-16
178,0.0
179,3.3307707224822677e-16
180,0.0
181,3.3307707224822677e-16
182,0.0
183,3.3307707224822677e-16
184,0.0
185,3.3307707224822677e-16
186,0.0
187,0.0
188,0.0
189,0.0
190,0.0
191,0.0
192,0.0
193,0.0
194,0.0
195,0.0
196,0.0
197,0.0
198,0.0
199,0.0
200,0.0
201,0.0
202,0.0
203,0.0
204,0.0
205,0.0
206,0.0
207,0.0
208,0.0
209,0.0
210,0.0
211,0.0
212,0.0
213,0.0
214,0.0
215,0.0
216,0.0
217,0.0
218,0.0
219,0.0
220,0.0
221,0.0
222,0.0
223,0.0
224,0.0
225,0.0
226,0.0
227,0.0
228,0.0
229,0.0
230,0.0
231,0.0
232,0.0
233,0.0
234,0.0
235,0.0
236,0.0
237,0.0
238,0.0
239,0.0
240,0.0
241,0.0
242,0.0
243,0.0
244,0.0
245,0.0
246,0.0
247,0.0
248,0.0
249,0.0
250,0.0
251,0.0
252,0.0
253,0.0
254,0.0
255,0.0
256,0.0
257,0.0
258,0.0
259,0.0
260,0.0
261,0.0
262,0.0
263,0.0
264,0.0
265,0.0
266,0.0
267,0.0
268,0.0
269,0.0
270,0.0
271,0.0
272,0.0
273,0.0
274,0.0
275,0.0
276,0.0
277,0.0
278,0.0
279,0.0
280,0.0
281,0.0
282,0.0
283,0.0
284,0.0
285,0.0
286,0.0
287,0.0
288,0.0
289,0.0
290,0.0
291,0.0
292,0.0
293,0.0
294,0.0
295,0.0
296,0.0
297,0.0
298,0.0
299,0.0
300,0.0
301,0.0
302,0.0
303,0.0
304,0.0
305,0.0
306,0.0
307,0.0
308,0.0
309,0.0
310,0.0
311,0.0
312,0.0
313,0.0
314,0.0
315,0.0
316,0.0
317,0.0
318,0.0
319,0.0
320,0.0
321,0.0
322,0.0
323,0.0
324,0.0
325,0.0
326,0.0
327,0.0
328,0.0
329,0.0
330,0.0
331,0.0
332,0.0
333,0.0
334,0.0
335,0.0
336,0.0
337,0.0
338,0.0
339,0.0
340,0.0
341,0.0
342,0.0
343,0.0
344,0.0
345,0.0
346,0.0
347,0.0
348,0.0
349,0.0
350,0.0
351,0.0
352,0.0
353,0.0
354,0.0
355,0.0
356,0.0
357,0.0
358,0.0
359,0.0
360,0.0
361,0.0
362,0.0
363,0.0
364,0.0
365,0.0
366,0.0
367,0.0
368,0.0
369,0.0
370,0.0
371,0.0
372,0.0
373,0.0
374,0.0
375,0.0
376,0.0
377,0.0
378,0.0
379,0.0
380,0.0
381,0.0
382,0.0
383,0.0
384,0.0
385,0.0
386,0.0
387,0.0
388,0.0
389,0.0
390,0.0
391,0.0
392,0.0
393,0.0
394,0.0
395,0.0
396,0.0
397,0.0
398,0.0
399,0.0
400,0.0
401,0.0
402,0.0
403,0.0
404,0.0
405,0.0
406,0.0
407,0.0
408,0.0
409,0.0
410,0.0
411,0.0
412,0.0
413,0.0
414,0.0
415,0.0
416,0.0
417,0.0
418,0.0
419,0.0
420,0.0
421,0.0
422,0.0
423,0.0
424,0.0
425,0.0
426,0.0
427,0.0
428,0.0
429,0.0
430,0.0
431,0.0
432,0.0
433,0.0
434,0.0
435,0.0
436,0.0
437,0.0
438,0.0
439,0.0
440,0.0
441,0.0
442,0.0
443,0.0
444,0.0
445,0.0
446,0.0
447,0.0
448,0.0
449,0.0
450,0.0
451,0.0
452,0.0
453,0.0
454,0.0
455,0.0
456,0.0
457,0.0
458,0.0
459,0.0
460,0.0
461,0.0
462,0.0
463,0.0
464,0.0
465,0.0
466,0.0
467,0.0
468,0.0
469,0.0
470,0.0
471,0.0
472,0.0
473,0.0
474,0.0
475,0.0
476,0.0
477,0.0
478,0.0
479,0.0
480,0.0
481,0.0
482,0.0
483,0.0
484,0.0
485,0.0
486,0.0
487,0.0
488,0.0
489,0.0
490,0.0
491,0.0
492,0.0
493,0.0
494,0.0
495,0.0
496,0.0
497,0.0
498,0.0
499,0.0
500,0.0
