time,std
0,0.49501510689271405
1,0.94759571834269
243,0.0
244,2.2205138149881785e-16
245,2.2205138149881785e-16
246,0.0
247,2.2205138149881785e-16
248,2.2205138149881785e-16
249,0.0
250,2.2205138149881785e-16
251,0.0
252,2.2205138149881785e-16
253,2.2205138149881785e-16
254,0.0
255,4.441027629976357e-16
256,2.2205138149881785e-16
257,2.2205138149881785e-16
258,2.2205138149881785e-16
259,0.0
260,0.0
261,0.0
262,0.0
263,2.2205138149881785e-16
264,0.0
265,2.2205138149881785e-16
266,2.2205138149881785e-16
267,2.2205138149881785e-16
268,4.441027629976357e-16
269,0.0
270,2.2205138149881785e-16
271,0.0
272,0.0
273,2.2205138149881785e-16
274,0.0
275,2.2205138149881785e-16
276,0.0
277,2.2205138149881785e-16
278,2.2205138149881785e-16
279,2.2205138149881785e-16
280,4.441027629976357e-16
281,0.0
282,4.441027629976357e-16
283,0.0
284,2.2205138149881785e-16
285,0.0
286,2.2205138149881785e-16
287,2.2205138149881785e-16
288,0.0
289,2.2205138149881785e-16
290,2.2205138149881785e-16
291,4.441027629976357e-16
292,2.2205138149881785e-16
293,4.441027629976357e-16
294,2.2205138149881785e-16
295,2.2205138149881785e-16
296,2.2205138149881785e-16
297,2.2205138149881785e-16
298,2.2205138149881785e-16
299,0.0
300,2.2205138149881785e-16
301,0.0
302,2.2205138149881785e-16
303,0.0
304,0.0
305,0.0
306,0.0
307,0.0
308,0.0
309,2.2205138149881785e-16
310,0.0
311,2.2205138149881785e-16
312,0.0
313,2.2205138149881785e-16
314,2.2205138149881785e-16
315,4.441027629976357e-16
316,2.2205138149881785e-16
317,4.441027629976357e-16
318,2.2205138149881785e-16
319,4.441027629976357e-16
320,2.2205138149881785e-16
321,2.2205138149881785e-16
322,4.441027629976357e-16
323,2.2205138149881785e-16
324,4.441027629976357e-16
325,2.2205138149881785e-16
326,4.441027629976357e-16
327,2.2205138149881785e-16
328,2.2205138149881785e-16
329,0.0
330,2.2205138149881785e-16
331,0.0
332,2.2205138149881785e-16
333,0.0
334,2.2205138149881785e-16
335,0.0
336,2.2205138149881785e-16
337,2.2205138149881785e-16
338,0.0
339,2.2205138149881785e-16
340,0.0
341,2.2205138149881785e-16
342,0.0
343,2.2205138149881785e-16
344,0.0
345,2.2205138149881785e-16
346,0.0
347,2.2205138149881785e-16
348,0.0
349,2.2205138149881785e-16
350,0.0
351,2.2205138149881785e-16
352,0.0
353,2.2205138149881785e-16
354,0.0
355,2.2205138149881785e-16
356,0.0
357,2.2205138149881785e-16
358,0.0
359,2.2205138149881785e-16
360,0.0
361,2.2205138149881785e-16
362,2.2205138149881785e-16
363,2.2205138149881785e-16
364,2.2205138149881785e-16
365,2.2205138149881785e-16
366,2.2205138149881785e-16
367,2.2205138149881785e-16
368,2.2205138149881785e-16
369,2.2205138149881785e-16
370,2.2205138149881785e-16
371,2.2205138149881785e-16
372,2.2205138149881785e-16
373,2.2205138149881785e-16
374,2.2205138149881785e-16
375,2.2205138149881785e-16
376,2.2205138149881785e-16
377,2.2205138149881785e-16
378,2.2205138149881785e-16
379,2.2205138149881785e-16
380,2.2205138149881785e-16
381,2.2205138149881785e-16
382,4.441027629976357e-16
383,0.0
384,4.441027629976357e-16
385,0.0
386,4.441027629976357e-16
387,0.0
388,4.441027629976357e-16
389,0.0
390,4.441027629976357e-16
391,0.0
392,4.441027629976357e-16
393,0.0
394,4.441027629976357e-16
395,0.0
396,4.441027629976357e-16
397,0.0
398,4.441027629976357e-16
399,0.0
400,4.441027629976357e-16
401,0.0
402,4.441027629976357e-16
403,0.0
404,4.441027629976357e-16
405,0.0
406,4.441027629976357e-16
407,0.0
408,4.441027629976357e-16
409,0.0
410,4.441027629976357e-16
411,0.0
412,4.441027629976357e-16
413,0.0
414,4.441027629976357e-16
415,0.0
416,4.441027629976357e-16
417,0.0
418,2.2205138149881785e-16
419,0.0
420,2.2205138149881785e-16
421,0.0
422,2.2205138149881785e-16
423,0.0
424,2.2205138149881785e-16
425,0.0
426,2.2205138149881785e-16
427,0.0
428,2.2205138149881785e-16
429,0.0
430,2.2205138149881785e-16
431,0.0
432,2.2205138149881785e-16
433,0.0
434,2.2205138149881785e-16
435,4.441027629976357e-16
436,2.2205138149881785e-16
437,4.441027629976357e-16
438,2.2205138149881785e-16
439,4.441027629976357e-16
440,2.2205138149881785e-16
441,4.441027629976357e-16
442,2.2205138149881785e-16
443,4.441027629976357e-16
444,2.2205138149881785e-16
445,4.441027629976357e-16
446,2.2205138149881785e-16
447,4.441027629976357e-16
448,2.2205138149881785e-16
449,4.441027629976357e-16
450,2.2205138149881785e-16
451,4.441027629976357e-16
452,2.2205138149881785e-16
453,4.441027629976357e-16
454,2.2205138149881785e-16
455,4.441027629976357e-16
456,2.2205138149881785e-16
457,4.441027629976357e-16
458,2.2205138149881785e-16
459,4.441027629976357e-16
460,2.2205138149881785e-16
461,4.441027629976357e-16
462,2.2205138149881785e-16
463,4.441027629976357e-16
464,2.2205138149881785e-16
465,4.441027629976357e-16
466,2.2205138149881785e-16
467,4.441027629976357e-16
468,2.2205138149881785e-16
469,4.441027629976357e-16
470,2.2205138149881785e-16
471,4.441027629976357e-16
472,2.2205138149881785e-16
473,4.441027629976357e-16
474,2.2205138149881785e-16
475,4.441027629976357e-16
476,2.2205138149881785e-16
477,4.441027629976357e-16
478,2.2205138149881785e-16
479,4.441027629976357e-16
480,2.2205138149881785e-16
481,4.441027629976357e-16
482,2.2205138149881785e-16
483,4.441027629976357e-16
484,2.2205138149881785e-16
485,4.441027629976357e-16
486,2.2205138149881785e-16
487,4.441027629976357e-16
488,2.2205138149881785e-16
489,4.441027629976357e-16
490,2.2205138149881785e-16
491,4.441027629976357e-16
492,2.2205138149881785e-16
493,4.441027629976357e-16
494,2.2205138149881785e-16
495,4.441027629976357e-16
496,2.2205138149881785e-16
497,4.441027629976357e-16
498,2.2205138149881785e-16
499,4.441027629976357e-16
500,2.2205138149881785e-16
