time,std
0,0.059542355838762336
1,0.003401297674049019
2,0.0021973557813238366
3,0.0016640628086990118
4,0.001330227619994521
5,0.001110386691690847
6,0.0009310707002679993
7,0.0008012556159463359
8,0.0006910879840954402
9,0.0006042762220855125
10,0.0005245422909966095
11,0.0004630376075557126
12,0.00040571798365662246
13,0.00036068431966256823
14,0.00031836647988868586
15,0.00028449200842481023
16,0.00025256158466549576
17,0.0002267159396553891
18,0.00020231894287856344
19,0.0001822438938685409
20,0.00016331990524503433
21,0.00014758946670078097
22,0.0001327403026787732
23,0.00012025654584435063
24,0.00010852800749075429
25,9.860759250880111e-05
26,8.92019955449997e-05
27,8.118561059936937e-05
28,7.361903006665116e-05
29,6.713686397994e-05
30,6.097679829708415e-05
31,5.571247416837149e-05
32,5.064625696912897e-05
33,4.6324280703344174e-05
34,4.2281985979585796e-05
35,3.8671879392945395e-05
36,3.530196871082529e-05
37,3.227688276069945e-05
38,2.9682262743331176e-05
39,2.726628788388262e-05
40,2.4909889948873104e-05
41,2.2705092284478653e-05
42,2.089534885631376e-05
43,1.924366011170145e-05
44,1.7643290728947078e-05
45,1.632982155185556e-05
46,1.500453320791593e-05
47,1.3651064086071765e-05
48,1.2769163643999463e-05
49,1.192639535580452e-05
50,1.0741003666325752e-05
51,9.915442955591519e-06
52,9.353957311505692e-06
53,8.577957176145711e-06
54,7.770263061255274e-06
55,7.092246422035958e-06
56,6.979144211234088e-06
57,6.536289243055354e-06
58,6.408679783398536e-06
59,5.617143141682204e-06
60,5.7050143839587e-06
61,4.809798232383766e-06
62,4.586177012589556e-06
63,4.4762229354605965e-06
64,3.561451635148355e-06
65,4.230065344221553e-06
66,2.5055837545904043e-06
67,4.8712650243234264e-06
68,3.3203935803221097e-06
69,2.2205138149881785e-16
70,4.567047336831125e-06
71,4.43380464016894e-06
72,3.670446558365012e-06
73,2.2205138149881785e-16
74,2.2205138149881785e-16
75,2.2205138149881785e-16
76,4.83371757363848e-06
77,1.2426152218950947e-06
78,4.646767095928975e-06
79,0.0
80,2.2205138149881785e-16
81,2.2205138149881785e-16
82,2.2205138149881785e-16
83,4.441027629976357e-16
84,7.014061805907528e-07
85,1.4296694063380263e-06
86,0.0
87,8.632160274491709e-07
88,2.2205138149881785e-16
89,4.441027629976357e-16
90,0.0
91,4.938254669238367e-06
92,3.4827479137479595e-06
93,4.441027629976357e-16
94,4.8178278706548e-06
95,0.0
96,4.441027629976357e-16
97,0.0
98,0.0
99,2.2205138149881785e-16
100,0.0
101,2.2205138149881785e-16
102,4.441027629976357e-16
103,0.0
104,2.2205138149881785e-16
105,2.2205138149881785e-16
106,0.0
107,2.2205138149881785e-16
108,0.0
109,2.2205138149881785e-16
110,2.2205138149881785e-16
111,0.0
112,2.2205138149881785e-16
113,0.0
114,2.2205138149881785e-16
115,0.0
116,2.2205138149881785e-16
117,2.2205138149881785e-16
118,2.2205138149881785e-16
119,2.2205138149881785e-16
120,0.0
121,4.441027629976357e-16
122,0.0
123,4.441027629976357e-16
124,0.0
125,2.2205138149881785e-16
126,2.2205138149881785e-16
127,2.2205138149881785e-16
128,2.2205138149881785e-16
129,2.2205138149881785e-16
130,2.2205138149881785e-16
131,2.2205138149881785e-16
132,2.2205138149881785e-16
133,0.0
134,2.2205138149881785e-16
135,0.0
136,2.2205138149881785e-16
137,0.0
138,2.2205138149881785e-16
139,0.0
140,2.2205138149881785e-16
141,0.0
142,2.2205138149881785e-16
143,0.0
144,2.2205138149881785e-16
145,0.0
146,2.2205138149881785e-16
147,0.0
148,2.2205138149881785e-16
149,0.0
150,2.2205138149881785e-16
151,0.0
152,2.2205138149881785e-16
153,0.0
154,2.2205138149881785e-16
155,0.0
156,2.2205138149881785e-16
157,0.0
158,2.2205138149881785e-16
159,0.0
160,2.2205138149881785e-16
161,0.0
162,2.2205138149881785e-16
163,0.0
164,2.2205138149881785e-16
165,0.0
166,2.2205138149881785e-16
167,0.0
168,2.2205138149881785e-16
169,0.0
170,2.2205138149881785e-16
171,0.0
172,2.2205138149881785e-16
173,0.0
174,2.2205138149881785e-16
175,0.0
176,2.2205138149881785e-16
177,0.0
178,2.2205138149881785e-16
179,0.0
180,2.2205138149881785e-16
181,0.0
182,2.2205138149881785e-16
183,0.0
184,2.2205138149881785e-16
185,0.0
186,2.2205138149881785e-16
187,0.0
188,2.2205138149881785e-16
189,0.0
190,2.2205138149881785e-16
191,0.0
192,2.2205138149881785e-16
193,2.2205138149881785e-16
194,2.2205138149881785e-16
195,2.2205138149881785e-16
196,2.2205138149881785e-16
197,2.2205138149881785e-16
198,2.2205138149881785e-16
199,2.2205138149881785e-16
200,2.2205138149881785e-16
201,2.2205138149881785e-16
202,2.2205138149881785e-16
203,2.2205138149881785e-16
204,2.2205138149881785e-16
205,2.2205138149881785e-16
206,2.2205138149881785e-16
207,2.2205138149881785e-16
208,2.2205138149881785e-16
209,2.2205138149881785e-16
210,2.2205138149881785e-16
211,2.2205138149881785e-16
212,2.2205138149881785e-16
213,2.2205138149881785e-16
214,2.2205138149881785e-16
215,2.2205138149881785e-16
216,2.2205138149881785e-16
217,2.2205138149881785e-16
218,2.2205138149881785e-16
219,2.2205138149881785e-16
220,2.2205138149881785e-16
221,2.2205138149881785e-16
222,2.2205138149881785e-16
223,2.2205138149881785e-16
224,2.2205138149881785e-16
225,2.2205138149881785e-16
226,2.2205138149881785e-16
227,2.2205138149881785e-16
228,2.2205138149881785e-16
229,2.2205138149881785e-16
230,2.2205138149881785e-16
231,2.2205138149881785e-16
232,2.2205138149881785e-16
233,2.2205138149881785e-16
234,2.2205138149881785e-16
235,2.2205138149881785e-16
236,2.2205138149881785e-16
237,2.2205138149881785e-16
238,2.2205138149881785e-16
239,2.2205138149881785e-16
240,2.2205138149881785e-16
241,2.2205138149881785e-16
242,2.2205138149881785e-16
243,2.2205138149881785e-16
244,2.2205138149881785e-16
245,2.2205138149881785e-16
246,2.2205138149881785e-16
247,2.2205138149881785e-16
248,2.2205138149881785e-16
249,2.2205138149881785e-16
250,2.2205138149881785e-16
251,2.2205138149881785e-16
252,2.2205138149881785e-16
253,2.2205138149881785e-16
254,2.2205138149881785e-16
255,2.2205138149881785e-16
256,2.2205138149881785e-16
257,2.2205138149881785e-16
258,2.2205138149881785e-16
259,2.2205138149881785e-16
260,2.2205138149881785e-16
261,2.2205138149881785e-16
262,2.2205138149881785e-16
263,2.2205138149881785e-16
264,2.2205138149881785e-16
265,2.2205138149881785e-16
266,2.2205138149881785e-16
267,2.2205138149881785e-16
268,2.2205138149881785e-16
269,2.2205138149881785e-16
270,2.2205138149881785e-16
271,2.2205138149881785e-16
272,2.2205138149881785e-16
273,2.2205138149881785e-16
274,2.2205138149881785e-16
275,2.2205138149881785e-16
276,2.2205138149881785e-16
277,2.2205138149881785e-16
278,2.2205138149881785e-16
279,2.2205138149881785e-16
280,2.2205138149881785e-16
281,2.2205138149881785e-16
282,2.2205138149881785e-16
283,2.2205138149881785e-16
284,2.2205138149881785e-16
285,2.2205138149881785e-16
286,2.2205138149881785e-16
287,2.2205138149881785e-16
288,2.2205138149881785e-16
289,2.2205138149881785e-16
290,2.2205138149881785e-16
291,2.2205138149881785e-16
292,2.2205138149881785e-16
293,2.2205138149881785e-16
294,2.2205138149881785e-16
295,2.2205138149881785e-16
296,2.2205138149881785e-16
297,2.2205138149881785e-16
298,2.2205138149881785e-16
299,2.2205138149881785e-16
300,2.2205138149881785e-16
301,2.2205138149881785e-16
302,2.2205138149881785e-16
303,2.2205138149881785e-16
304,2.2205138149881785e-16
305,2.2205138149881785e-16
306,2.2205138149881785e-16
307,2.2205138149881785e-16
308,2.2205138149881785e-16
309,2.2205138149881785e-16
310,2.2205138149881785e-16
311,2.2205138149881785e-16
312,2.2205138149881785e-16
313,2.2205138149881785e-16
314,2.2205138149881785e-16
315,2.2205138149881785e-16
316,2.2205138149881785e-16
317,2.2205138149881785e-16
318,2.2205138149881785e-16
319,2.2205138149881785e-16
320,2.2205138149881785e-16
321,2.2205138149881785e-16
322,2.2205138149881785e-16
323,2.2205138149881785e-16
324,2.2205138149881785e-16
325,2.2205138149881785e-16
326,2.2205138149881785e-16
327,2.2205138149881785e-16
328,2.2205138149881785e-16
329,2.2205138149881785e-16
330,2.2205138149881785e-16
331,2.2205138149881785e-16
332,2.2205138149881785e-16
333,2.2205138149881785e-16
334,2.2205138149881785e-16
335,2.2205138149881785e-16
336,2.2205138149881785e-16
337,2.2205138149881785e-16
338,2.2205138149881785e-16
339,2.2205138149881785e-16
340,2.2205138149881785e-16
341,2.2205138149881785e-16
342,2.2205138149881785e-16
343,2.2205138149881785e-16
344,2.2205138149881785e-16
345,2.2205138149881785e-16
346,2.2205138149881785e-16
347,2.2205138149881785e-16
348,2.2205138149881785e-16
349,2.2205138149881785e-16
350,2.2205138149881785e-16
351,2.2205138149881785e-16
352,2.2205138149881785e-16
353,2.2205138149881785e-16
354,2.2205138149881785e-16
355,2.2205138149881785e-16
356,2.2205138149881785e-16
357,2.2205138149881785e-16
358,2.2205138149881785e-16
359,2.2205138149881785e-16
360,2.2205138149881785e-16
361,2.2205138149881785e-16
362,2.2205138149881785e-16
363,2.2205138149881785e-16
364,2.2205138149881785e-16
365,2.2205138149881785e-16
366,2.2205138149881785e-16
367,2.2205138149881785e-16
368,2.2205138149881785e-16
369,2.2205138149881785e-16
370,2.2205138149881785e-16
371,2.2205138149881785e-16
372,2.2205138149881785e-16
373,2.2205138149881785e-16
374,2.2205138149881785e-16
375,2.2205138149881785e-16
376,2.2205138149881785e-16
377,2.2205138149881785e-16
378,2.2205138149881785e-16
379,2.2205138149881785e-16
380,2.2205138149881785e-16
381,2.2205138149881785e-16
382,2.2205138149881785e-16
383,2.2205138149881785e-16
384,2.2205138149881785e-16
385,2.2205138149881785e-16
386,2.2205138149881785e-16
387,2.2205138149881785e-16
388,2.2205138149881785e-16
389,2.2205138149881785e-16
390,2.2205138149881785e-16
391,2.2205138149881785e-16
392,2.2205138149881785e-16
393,2.2205138149881785e-16
394,2.2205138149881785e-16
395,2.2205138149881785e-16
396,2.2205138149881785e-16
397,2.2205138149881785e-16
398,2.2205138149881785e-16
399,2.2205138149881785e-16
400,2.2205138149881785e-16
401,2.2205138149881785e-16
402,2.2205138149881785e-16
403,2.2205138149881785e-16
404,2.2205138149881785e-16
405,2.2205138149881785e-16
406,2.2205138149881785e-16
407,2.2205138149881785e-16
408,2.2205138149881785e-16
409,2.2205138149881785e-16
410,2.2205138149881785e-16
411,2.2205138149881785e-16
412,2.2205138149881785e-16
413,2.2205138149881785e-16
414,2.2205138149881785e-16
415,2.2205138149881785e-16
416,2.2205138149881785e-16
417,2.2205138149881785e-16
418,2.2205138149881785e-16
419,2.2205138149881785e-16
420,2.2205138149881785e-16
421,2.2205138149881785e-16
422,2.2205138149881785e-16
423,2.2205138149881785e-16
424,2.2205138149881785e-16
425,2.2205138149881785e-16
426,2.2205138149881785e-16
427,2.2205138149881785e-16
428,2.2205138149881785e-16
429,2.2205138149881785e-16
430,2.2205138149881785e-16
431,2.2205138149881785e-16
432,2.2205138149881785e-16
433,2.2205138149881785e-16
434,0.0
435,0.0
436,0.0
437,0.0
438,0.0
439,0.0
440,0.0
441,0.0
442,0.0
443,0.0
444,0.0
445,0.0
446,0.0
447,0.0
448,0.0
449,0.0
450,0.0
451,0.0
452,0.0
453,0.0
454,0.0
455,0.0
456,0.0
457,0.0
458,0.0
459,0.0
460,0.0
461,0.0
462,0.0
463,0.0
464,0.0
465,0.0
466,0.0
467,0.0
468,0.0
469,0.0
470,0.0
471,0.0
472,0.0
473,0.0
474,0.0
475,0.0
476,0.0
477,0.0
478,0.0
479,0.0
480,0.0
481,0.0
482,0.0
483,0.0
484,0.0
485,0.0
486,0.0
487,0.0
488,0.0
489,0.0
490,0.0
491,0.0
492,0.0
493,0.0
494,0.0
495,0.0
496,0.0
497,0.0
498,0.0
499,0.0
500,0.0
