time,std
0,0.060234196772192876
1,0.003360400662971584
2,0.0037928429578243006
3,0.002225034253520751
4,0.003408449318002806
5,0.0019263651661288175
6,0.0033230275810991706
7,0.0018495025765045638
8,0.0031104054470721286
9,0.0020994669490696015
10,0.0023821159908614625
11,0.0030281646245724153
12,0.0010991828494553817
13,0.003568600261128511
14,5.689395103252395e-05
15,0.0026117364818685294
16,0.0013708364454456234
17,0.0037658599485429823
18,6.74090602959511e-05
19,0.001172303853415726
20,0.0005073228666914041
21,0.0010622367185279006
22,0.00017114329575020504
23,0.0003330649998151983
24,0.00028369193569569836
25,0.0006132350484063846
26,7.861540530939312e-05
27,0.00011585475365449761
28,0.00011232966606116496
29,0.00025068695141173343
30,2.8479446076672277e-05
31,3.233520492686884e-05
32,3.591892069076448e-05
33,8.119854454892538e-05
34,8.687475945225934e-06
35,8.105481103300678e-06
36,1.0083205316148048e-05
37,2.2900762885468618e-05
38,2.3858275436810295e-06
39,1.988210263860192e-06
40,2.652239970139536e-06
41,6.035015519663645e-06
42,6.219691371076074e-07
43,4.911064287700532e-07
44,6.784303338918291e-07
45,1.5452422339626502e-06
46,1.586224159683419e-07
47,1.2244987933280324e-07
48,1.71776057055912e-07
49,3.915067376566908e-07
50,4.0140469027953247e-08
51,3.072206900479021e-08
52,4.337139159951826e-08
53,9.890035981470048e-08
54,1.0138176249055605e-08
55,7.73655153554996e-09
56,1.095025634828096e-08
57,2.4980082879640164e-08
58,2.5610644274241967e-09
59,1.9527082593891826e-09
60,2.7401384086518587e-09
61,6.3827414695855e-09
62,6.488620284983765e-10
63,5.338650330427131e-10
64,6.93076813489136e-10
65,1.6148570897556775e-09
66,1.6420246838830982e-10
67,1.3511551909689862e-10
68,1.754669442481372e-10
69,4.089271867411135e-10
70,4.158920644409569e-11
71,3.422738380697029e-11
72,4.445922442528788e-11
73,1.0363137756585242e-10
74,1.0541587071220301e-11
75,8.677201727597598e-12
76,1.1272944483934634e-11
77,2.6280966345703665e-11
78,2.673657719612936e-12
79,2.201254300159194e-12
80,2.8599418121203765e-12
81,6.668527667841349e-12
82,6.785285697897358e-13
83,5.588210252395591e-13
84,7.260809496141338e-13
85,1.693358523476573e-12
86,1.7242644546920407e-13
87,1.423395217312669e-13
88,1.8473144603560705e-13
89,4.3028582250401546e-13
90,4.395170486557402e-14
91,3.797481671452441e-14
92,4.7454868167168275e-14
93,1.1083338274998357e-13
94,1.1258062683525403e-14
95,1.5540224367423806e-14
96,1.350901375056922e-14
97,3.0800973620808194e-14
98,3.1814820486174655e-15
99,1.3606429065902436e-14
100,5.3879856554473325e-15
101,1.0939439569631182e-14
102,1.3323169360234075e-15
103,1.2868233301847724e-14
104,4.8499299912956026e-15
105,8.941553296665293e-15
106,1.3181193220266246e-15
107,1.2902449727479277e-14
108,5.377686535469781e-15
109,1.0288755796473132e-14
110,1.2411838453717309e-15
111,1.3169702311620089e-14
112,4.869391907322873e-15
113,8.791071884852608e-15
114,1.3466642615106928e-15
115,1.2846743603230855e-14
116,5.243327783649661e-15
117,9.889330907951137e-15
118,1.2526013760616486e-15
119,1.3110733200092141e-14
120,4.8868058911541266e-15
121,8.907146970226202e-15
122,1.357671203004693e-15
123,1.3130697238314104e-14
124,5.471410508309839e-15
125,1.0681509073517224e-14
126,1.2042836448221391e-15
127,1.3407821519294835e-14
128,4.7452311004142125e-15
129,8.654238832104031e-15
130,1.2674953945621686e-15
131,1.3008070794268592e-14
132,5.1598149097742726e-15
133,9.113419690114463e-15
134,1.43333086759356e-15
135,1.3064166177785287e-14
136,5.63324355783844e-15
137,1.1682084867784051e-14
138,1.204538354991607e-15
139,1.3536198380649822e-14
140,4.63909161444165e-15
141,8.687273940464595e-15
142,1.212949295025518e-15
143,1.355157283200773e-14
144,5.0560498048240854e-15
145,9.530011580861792e-15
146,1.3802772580314567e-15
147,1.3036427758514253e-14
148,5.378872418501827e-15
149,1.0441526885832007e-14
150,1.3128514405281926e-15
151,1.342746711810084e-14
152,5.100705844874212e-15
153,9.523716507920386e-15
154,1.2620769682850698e-15
155,1.308284462103168e-14
156,4.978224611641373e-15
157,9.467129974699335e-15
158,1.4013930963071564e-15
159,1.2829519734788599e-14
160,5.258440953368575e-15
161,9.966409342839933e-15
162,1.333559090050122e-15
163,1.3281799466438278e-14
164,5.073096629391651e-15
165,8.881115991494328e-15
166,1.3407448245850472e-15
167,1.3401171520484863e-14
168,5.309048497707268e-15
169,1.0635216295426002e-14
170,1.2556732794764132e-15
171,1.3703561909130445e-14
172,5.018356795614308e-15
173,9.019407403949765e-15
174,1.319807424784293e-15
175,1.2511860816637606e-14
176,5.14566873022815e-15
177,9.614043887395723e-15
178,1.317991888188509e-15
179,1.3375082081723566e-14
180,5.131665588874447e-15
181,9.066136745398656e-15
182,1.3639811279647165e-15
183,1.3272377462093991e-14
184,5.227539781742269e-15
185,9.632299781679374e-15
186,1.3371259783509717e-15
187,1.3470950288158983e-14
188,5.123401694251055e-15
189,9.059044976771555e-15
190,1.343074809513691e-15
191,1.2822224340379265e-14
192,5.337363589006398e-15
193,1.0471949072933675e-14
194,1.2868434191638986e-15
195,1.3348779783004538e-14
196,5.034401347064263e-15
197,9.640806078324884e-15
198,1.3289211128363033e-15
199,1.3120194674710385e-14
200,5.117721793747297e-15
201,9.195635968902342e-15
202,1.3947456756091517e-15
203,1.3180656329269408e-14
204,5.4131559230240586e-15
205,1.0240669520623158e-14
206,1.3255467078601882e-15
207,1.2812676712881864e-14
208,4.984349007945826e-15
209,8.58404394330526e-15
210,1.368189357578142e-15
211,1.2928666105653776e-14
212,5.309328223357731e-15
213,9.98517233684325e-15
214,1.3493733628772061e-15
215,1.3213186942242989e-14
216,5.0565487863558215e-15
217,8.831193853860602e-15
218,1.3857936242269644e-15
219,1.2881482504440002e-14
220,5.3211871440944505e-15
221,1.0078994257114652e-14
222,1.2781894570041006e-15
223,1.3446943916432056e-14
224,5.074937674598883e-15
225,9.021469877386043e-15
226,1.3203477793801548e-15
227,1.3086280360857454e-14
228,5.204263309368632e-15
229,9.973257237185398e-15
230,1.2954336183175015e-15
231,1.3473686248913149e-14
232,5.0741962750330684e-15
233,9.11810037180207e-15
234,1.383197878002941e-15
235,1.2798361198575913e-14
236,5.356705832780499e-15
237,1.081448654801751e-14
238,1.2803384520203794e-15
239,1.4121711708320892e-14
240,5.052887834625644e-15
241,8.89657282574499e-15
242,1.2958884346339685e-15
243,1.295534188135502e-14
244,5.071053028729915e-15
245,9.09167572758309e-15
246,1.4054462212380912e-15
247,1.3752990154143362e-14
248,5.643807205444502e-15
249,1.0812739925228869e-14
250,1.2740666186654564e-15
251,1.3523674742558192e-14
252,4.83959630133481e-15
253,8.741057583852378e-15
254,1.2690210576652224e-15
255,1.2869094369645486e-14
256,5.071560779500635e-15
257,9.157039300608641e-15
258,1.3710085210856279e-15
259,1.3406485947016242e-14
260,5.307424060802274e-15
261,9.976915609624141e-15
262,1.3076335390179004e-15
263,1.3471287175504018e-14
264,4.969849689817045e-15
265,8.791377922706537e-15
266,1.35734504273421e-15
267,1.3331804966436016e-14
268,5.339767356033814e-15
269,1.0092999568510633e-14
270,1.2997283387902974e-15
271,1.3186760733872769e-14
272,4.95171390473149e-15
273,8.966242892023213e-15
274,1.3601144970820732e-15
275,1.3419658526765597e-14
276,5.4068189507892955e-15
277,1.0711770572781307e-14
278,1.228368556946154e-15
279,1.3299680350998619e-14
280,4.819702350891757e-15
281,8.789934590429343e-15
282,1.2599828135708802e-15
283,1.3149443212609199e-14
284,5.106695171255075e-15
285,9.276359349025293e-15
286,1.36333312817861e-15
287,1.2782426432067628e-14
288,5.325264902200754e-15
289,1.0590901387615465e-14
290,1.2720445485689511e-15
291,1.3473004097762074e-14
292,5.05451190562702e-15
293,9.019238568516352e-15
294,1.2084604313263432e-15
295,1.3100522918713388e-14
296,5.022609649961905e-15
297,8.946589642370165e-15
298,1.358980597523973e-15
299,1.347137027904433e-14
300,5.488703746304829e-15
301,1.0720280475083248e-14
302,1.2723534005816307e-15
303,1.313224510905647e-14
304,4.8962137224438896e-15
305,9.102464273561797e-15
306,1.264180598260211e-15
307,1.3176429389640195e-14
308,5.1283503692972146e-15
309,9.230524761746536e-15
310,1.3801631952106828e-15
311,1.3336272407941495e-14
312,5.295056481766298e-15
313,1.0482439582223437e-14
314,1.283859376794385e-15
315,1.3442604596078071e-14
316,5.002519645041031e-15
317,8.878274540126035e-15
318,1.381436651439838e-15
319,1.3424969221694963e-14
320,5.475395463449506e-15
321,1.094570457321454e-14
322,1.2517523842347527e-15
323,1.3321530536009624e-14
324,4.797435690752421e-15
325,8.445150318400881e-15
326,1.2676960093628676e-15
327,1.3397072112484743e-14
328,5.208202765295373e-15
329,9.218989051319874e-15
330,1.4091302771855421e-15
331,1.309009592339518e-14
332,5.408720318661239e-15
333,1.0872567233616601e-14
334,1.2414078410419748e-15
335,1.3446363362229735e-14
336,4.84193881851012e-15
337,8.726908941684596e-15
338,1.2591199767276445e-15
339,1.324815755841222e-14
340,5.057380759134298e-15
341,9.282421452503703e-15
342,1.4168487371254328e-15
343,1.3315358636921118e-14
344,5.6395918326235875e-15
345,1.1003683947423244e-14
346,1.2893370874339348e-15
347,1.2711908931320913e-14
348,4.800581087628303e-15
349,8.670223715703657e-15
350,1.2439245121082531e-15
351,1.3001051054565005e-14
352,5.151540678225895e-15
353,9.328683045759324e-15
354,1.3686308530981036e-15
355,1.2717952951193678e-14
356,5.239890326295204e-15
357,9.419150320481083e-15
358,1.3695094170906174e-15
359,1.3039691557966825e-14
360,5.071676676038288e-15
361,8.718451951916587e-15
362,1.4515128441332182e-15
363,1.2680340365458455e-14
364,5.44650551712586e-15
365,1.0042137457746975e-14
366,1.3219327120525996e-15
367,1.2964641921215494e-14
368,4.935118315658896e-15
369,8.8246417296362e-15
370,1.3669575852190709e-15
371,1.2890742913934836e-14
372,5.304260745781632e-15
373,9.55087864549663e-15
374,1.3730614081773696e-15
375,1.2271136424535276e-14
376,5.117258517588909e-15
377,9.052528116098255e-15
378,1.3929799938601954e-15
379,1.3178173309251418e-14
380,5.387835080990326e-15
381,9.932923788114115e-15
382,1.3363999353613963e-15
383,1.3000238543576009e-14
384,4.971422443284708e-15
385,8.559011333067424e-15
386,1.3755341299042999e-15
387,1.2937327960094166e-14
388,5.234770653834169e-15
389,8.766188975845333e-15
390,1.4357570240270746e-15
391,1.2601146032444607e-14
392,5.60768083750258e-15
393,1.108469625018982e-14
394,1.2236317741090857e-15
395,1.3426203434265068e-14
396,4.770408321979582e-15
397,8.479795102858994e-15
398,1.3049614180257087e-15
399,1.2973984470252547e-14
400,5.157966075791844e-15
401,9.156840794631797e-15
402,1.3817445163977073e-15
403,1.3068175653274762e-14
404,5.402415884168128e-15
405,1.0225058291452196e-14
406,1.3023267095890962e-15
407,1.3311364833561621e-14
408,5.113367008911941e-15
409,8.68601010678458e-15
410,1.3833202227625518e-15
411,1.3152157273129753e-14
412,5.300503386677353e-15
413,9.584707373117444e-15
414,1.3571960692162927e-15
415,1.3446978829455554e-14
416,5.242695876255242e-15
417,9.312806563765588e-15
418,1.3608088135079334e-15
419,1.296076016919575e-14
420,5.339139477828005e-15
421,9.774080120599252e-15
422,1.30905295918516e-15
423,1.3114888149784856e-14
424,5.1714320062359606e-15
425,9.17335991232131e-15
426,1.4052273924913468e-15
427,1.2777476128257979e-14
428,5.388189512924704e-15
429,1.0207228674649086e-14
430,1.3089977293031936e-15
431,1.3044899942219293e-14
432,4.9803404161294065e-15
433,9.266028561928669e-15
434,1.258786211832594e-15
435,1.2650608643847834e-14
436,5.08298115702487e-15
437,9.167471241698291e-15
438,1.3885346488102744e-15
439,1.2859199140249752e-14
440,5.528154132304578e-15
441,1.0612180778101206e-14
442,1.2527284049492067e-15
443,1.2926296721147637e-14
444,4.85899401227919e-15
445,8.213002472573186e-15
446,1.3492362299589091e-15
447,1.2706298316132217e-14
448,5.353556152237375e-15
449,9.736913541763014e-15
450,1.3515032847434918e-15
451,1.293616016740912e-14
452,5.118494862544868e-15
453,9.081828098422157e-15
454,1.3914623697258206e-15
455,1.2737573374131291e-14
456,5.418866497031667e-15
457,1.024432934015675e-14
458,1.2985661895117858e-15
459,1.2983940097589815e-14
460,4.980506577001772e-15
461,8.545321984129078e-15
462,1.3912092995827207e-15
463,1.2767593333593033e-14
464,5.3607975408140535e-15
465,1.0224533209334167e-14
466,1.326394552713372e-15
467,1.278071940375528e-14
468,4.952281424253052e-15
469,8.560254542036856e-15
470,1.4039323262471839e-15
471,1.2898466664613859e-14
472,5.4702376376680695e-15
473,1.0548936189172621e-14
474,1.3088058704252645e-15
475,1.3197535043551088e-14
476,4.9685991606723884e-15
477,8.515073663682431e-15
478,1.379723890334414e-15
479,1.337245692547314e-14
480,5.4523398247844065e-15
481,1.0058711187273099e-14
482,1.340809355569149e-15
483,1.2798878503438605e-14
484,5.0330791476209914e-15
485,9.271186630151801e-15
486,1.4046049830574707e-15
487,1.2966869224865897e-14
488,5.441285942531515e-15
489,1.0229289163249542e-14
490,1.3626587324406717e-15
491,1.328741168387011e-14
492,5.201953224316991e-15
493,9.641447852633958e-15
494,1.3356663158319394e-15
495,1.3327643577430729e-14
496,5.19601174081918e-15
497,9.660041383631862e-15
498,1.3646704449084378e-15
499,1.3042075877160037e-14
