time,std
0,6.0686758754997635e-05
1,2.7335250109617564e-06
2,3.0331894110176185e-06
3,1.5934006253069195e-06
4,2.595587557926614e-06
5,1.387300889799933e-06
6,2.5021825302966147e-06
7,1.3433498384930563e-06
8,2.4456036158056296e-06
9,1.433392092851492e-06
10,2.263161176247306e-06
11,1.7475633764259353e-06
12,1.7838106173238777e-06
13,2.4149157617227697e-06
14,9.76065890378843e-07
15,2.806665832906217e-06
16,1.908641027913618e-07
17,6.496500419890024e-08
18,3.5610849784240977e-07
19,3.6677372251304754e-07
20,2.9837750478204366e-07
21,5.40125687818278e-07
22,1.3058585264743548e-07
23,1.8867657552493552e-07
24,6.101127979359287e-08
25,1.0073125284714326e-07
26,2.562502994400747e-08
27,4.002652304563706e-08
28,1.0947055655612289e-08
29,1.768014044890695e-08
30,4.569381850815839e-09
31,7.304478811595606e-09
32,1.910762620782255e-09
33,3.081816019548487e-09
34,7.944121124290148e-10
35,1.280440903155333e-09
36,3.30200451665056e-10
37,5.338499010875278e-10
38,1.3706198379835477e-10
39,2.2179471700055687e-10
40,5.68927818418e-11
41,9.220173262815e-11
42,2.3614648256421516e-11
43,3.830605231241667e-11
44,9.805297358812723e-12
45,1.5920168786934313e-11
46,4.073099275053286e-12
47,6.618436120942434e-12
48,1.6929096242819564e-12
49,2.7529169672679614e-12
50,7.040788592498296e-13
51,1.1460369063993993e-12
52,2.92956586660983e-13
53,4.770603110673201e-13
54,1.220951038724323e-13
55,1.9891691909450473e-13
56,5.107095992061899e-14
57,8.324083586051746e-14
58,2.1409061053500987e-14
59,3.5043288157580894e-14
60,9.251046642590814e-15
61,1.6236100485411217e-14
62,4.369080133759118e-15
63,8.020653173544067e-15
64,2.7339118680850874e-15
65,6.282137772788533e-15
66,2.3926189361162757e-15
67,5.434294496043661e-15
68,2.373061829993766e-15
69,5.763409760855938e-15
70,2.257036123710849e-15
71,6.1141219662108704e-15
72,2.2205148314585034e-15
73,5.664855483075782e-15
74,2.190757507327354e-15
75,5.695059347244728e-15
76,2.171995152352643e-15
77,5.750270696073623e-15
78,2.197959154303179e-15
79,5.238673219724196e-15
80,2.198156823897583e-15
81,5.796935481779809e-15
82,2.198252315047966e-15
83,5.990436927452484e-15
84,2.215999485106484e-15
85,5.598340410803023e-15
86,2.2220583130907385e-15
87,5.315966384176699e-15
88,2.1807719722544554e-15
89,5.759950948233478e-15
90,2.200984761703846e-15
91,6.051824162040973e-15
92,2.1757364304711057e-15
93,5.652886547227816e-15
94,2.2107030219998082e-15
95,5.648976505835212e-15
96,2.2107997578816406e-15
97,6.052958847911028e-15
98,2.2133376263709383e-15
99,5.3526238932671336e-15
100,2.2012274902463673e-15
101,5.6469996856971335e-15
102,2.202098546125401e-15
103,6.168902994047857e-15
104,2.2015183682012502e-15
105,5.727891281307143e-15
106,2.1962288613889876e-15
107,5.662573840068643e-15
108,2.1897615182718002e-15
109,5.404933061175167e-15
110,2.2128621942954417e-15
111,5.49340996117757e-15
112,2.1716833769438495e-15
113,5.585320596362822e-15
114,2.1888706010982453e-15
115,6.009377690302127e-15
116,2.1626291220408356e-15
117,5.465961991754041e-15
118,2.1910068201578316e-15
119,5.607798869143706e-15
120,2.2006414095604518e-15
121,6.2311893917348916e-15
122,2.238053654968255e-15
123,6.0688261412791154e-15
124,2.226396913142833e-15
125,5.453513518174949e-15
126,2.1956071478579475e-15
127,5.539829700241148e-15
128,2.2306492901877242e-15
129,5.651191214531171e-15
130,2.193748162926911e-15
131,5.419163869516831e-15
132,2.19864116761968e-15
133,6.1617138698368e-15
134,2.1862639823525053e-15
135,5.789171143076031e-15
136,2.2213110930086654e-15
137,5.923386394685702e-15
138,2.208767925599535e-15
139,5.7484491222893926e-15
140,2.2284034925129348e-15
141,5.67201219983819e-15
142,2.251811866361074e-15
143,5.530145069403664e-15
144,2.235886306604385e-15
145,5.865247000554857e-15
146,2.1949899176766222e-15
147,5.515386536162628e-15
148,2.2087795068304165e-15
149,5.948485350654304e-15
150,2.192860666708575e-15
151,5.922643561048352e-15
152,2.2307472690366e-15
153,5.77783478496893e-15
154,2.2053326023297356e-15
155,5.556745313080581e-15
156,2.1922663434384036e-15
157,5.916230587654403e-15
158,2.239698992352308e-15
159,5.8825467700872235e-15
160,2.24556900718985e-15
161,5.9186788511787566e-15
162,2.2331832989906315e-15
163,5.314691339900034e-15
164,2.235301992563112e-15
165,5.492387617154743e-15
166,2.2245567038339182e-15
167,5.7105888585985616e-15
168,2.2111159704532703e-15
169,5.64844160715536e-15
170,2.2554742982004662e-15
171,5.630549792207403e-15
172,2.1739869363273096e-15
173,5.620676665038366e-15
174,2.233917317826275e-15
175,5.587837368577339e-15
176,2.213886192610209e-15
177,5.6048196465563455e-15
178,2.200323691670893e-15
179,5.523989031748709e-15
180,2.214528392986488e-15
181,6.006856173569571e-15
182,2.215545338923607e-15
183,5.593489509357803e-15
184,2.1985007779577235e-15
185,5.934525855190578e-15
186,2.19646741638045e-15
187,5.889643351903355e-15
188,2.2216634843918684e-15
189,5.894681435568646e-15
190,2.1776402453187436e-15
191,5.543379170495358e-15
192,2.2290169023873347e-15
193,5.188153346743865e-15
194,2.1965664596698558e-15
195,5.7028378324015e-15
196,2.1985808550607117e-15
197,6.0138611123915305e-15
198,2.2169230247068297e-15
199,5.8092603763523466e-15
200,2.2232408556432278e-15
201,5.8189159344132715e-15
202,2.16660813412028e-15
203,5.7002852516177654e-15
204,2.175396312910607e-15
205,5.349852466307725e-15
206,2.2502537809224544e-15
207,5.1903559536516404e-15
208,2.214421882157516e-15
209,5.8622836214159434e-15
210,2.2078384296098896e-15
211,5.4624746068401835e-15
212,2.2278848418270296e-15
213,5.466893493700177e-15
214,2.2124735457656057e-15
215,5.795450537307478e-15
216,2.217370187481177e-15
217,5.916606996509369e-15
218,2.187740066290521e-15
219,5.331856133923948e-15
220,2.18781236992621e-15
221,6.0665942414249185e-15
222,2.165364435925164e-15
223,5.628566500389965e-15
224,2.207611199714705e-15
225,5.436963100869289e-15
226,2.2214440295296296e-15
227,6.124241362978472e-15
228,2.267725956354803e-15
229,5.612307099514812e-15
230,2.2406407068354738e-15
231,5.762291175484774e-15
232,2.2048858133747984e-15
233,5.726510356698261e-15
234,2.202233069446296e-15
235,5.515082057227628e-15
236,2.211683797509909e-15
237,5.819480671749484e-15
238,2.2292692874523518e-15
239,5.8904935497481516e-15
240,2.185892288735396e-15
241,5.894994896560995e-15
242,2.2372295236361746e-15
243,5.896173034102808e-15
244,2.2065343378389384e-15
245,5.317705205603848e-15
246,2.2038864052406162e-15
247,5.4093355305850315e-15
248,2.218952051697133e-15
249,5.950619944036778e-15
250,2.2180671777567674e-15
251,5.615309146479099e-15
252,2.2130334601999137e-15
253,5.527677161622221e-15
254,2.2308152277414627e-15
255,5.305515815889614e-15
256,2.2446113965301e-15
257,5.211763821405664e-15
258,2.2380800965362883e-15
259,5.772666573401146e-15
260,2.233113306653498e-15
261,5.782159438552756e-15
262,2.208973824015149e-15
263,5.4472421503388656e-15
264,2.2481051074333167e-15
265,5.678831343600512e-15
266,2.2114840306145517e-15
267,5.6914786260340825e-15
268,2.2202248644319893e-15
269,5.9740813650037455e-15
270,2.1942638246067213e-15
271,5.396041498382484e-15
272,2.2381305205915505e-15
273,5.475077501046065e-15
274,2.235783841836506e-15
275,5.815906180522616e-15
276,2.2304239730991538e-15
277,5.728963002437112e-15
278,2.2273146003717076e-15
279,5.223063502444199e-15
280,2.2198667371962366e-15
281,6.3728687556091394e-15
282,2.214044498284811e-15
283,5.640338409257315e-15
284,2.2179965600034402e-15
285,5.3618860618501675e-15
286,2.1811984345239866e-15
287,5.101316464974506e-15
288,2.2275676743800934e-15
289,6.1575756385079975e-15
290,2.200053035406031e-15
291,5.519816494813816e-15
292,2.2087795068304165e-15
293,5.557155819253316e-15
294,2.2238027109922303e-15
295,5.40690376243781e-15
296,2.202832559195926e-15
297,5.788176081652052e-15
298,2.205484240929338e-15
299,5.472718937434169e-15
300,2.1958826777407876e-15
