time,std
0,0.06024003946536625
1,0.0030337772093689866
2,0.003495487388642221
3,0.002220478528958013
4,0.0034040376069209353
5,0.0021489580102410414
6,0.0036732490022540597
7,0.002203492989942355
8,0.004091708667078888
9,0.002348183015302221
10,0.004574561958358538
11,0.002635980308209248
12,0.004963281660483236
13,0.0032343648713192255
14,0.004912904462652971
15,0.004525406774416275
16,0.003921470098609154
17,0.006858605003939727
18,0.0019557360093709394
19,0.006755402767262146
20,6.819391255399594e-05
21,0.001160889384835343
22,0.0010381428071270895
23,0.0023377958497944698
24,0.00038218488846957806
25,0.0005627413263652499
26,0.00014732818257120445
27,0.000255721763002983
28,5.3474149483772443e-05
29,8.620818230998927e-05
30,2.0245318465861745e-05
31,3.361156434148342e-05
32,7.705481661979297e-06
33,1.2599699778435789e-05
34,2.9961692478670006e-06
35,4.922275996460955e-06
36,1.1786395257840562e-06
37,1.9291853707484597e-06
38,4.697718160332689e-07
39,7.691820785008151e-07
40,1.89034883497669e-07
41,3.091648555324767e-07
42,7.671493586842894e-08
43,1.2543820424937144e-07
44,3.133917425654437e-08
45,5.1221868353222934e-08
46,1.2872242615145654e-08
47,2.1035326743093446e-08
48,5.309812237512984e-09
49,8.675788464495985e-09
50,2.197806366256928e-09
51,3.5908138415510303e-09
52,9.121590422914611e-10
53,1.4902585471963964e-09
54,3.7938429203948067e-10
55,6.198327336501202e-10
56,1.5805962342960252e-10
57,2.582435381334521e-10
58,6.593907118148593e-11
59,1.0773839586459772e-10
60,2.741373188595755e-11
61,4.514414626200012e-11
62,1.1458320101496516e-11
63,1.8870752175838707e-11
64,4.792542015878595e-12
65,7.892886316686259e-12
66,2.0056682054150107e-12
67,3.3032445046450345e-12
68,8.398332821337869e-13
69,1.3834544488680196e-12
70,3.5182960114431113e-13
71,5.791272098664909e-13
72,1.4763888223382186e-13
73,2.436075237136015e-13
74,6.210539538564489e-14
75,1.0300974817119892e-13
76,2.601754651254096e-14
77,4.3248717461525536e-14
78,1.1258883007923854e-14
79,1.9604437435354145e-14
80,4.995333653704255e-15
81,1.0045384887677737e-14
82,2.8371411123816732e-15
83,8.318285304134061e-15
84,2.2586430878224573e-15
85,7.569983886815346e-15
86,2.2696678426965124e-15
87,7.597986422191173e-15
88,2.2478898865598706e-15
89,7.509481434893842e-15
90,2.2170457892436508e-15
91,7.555169388934751e-15
92,2.1732360945106425e-15
93,7.459304600457577e-15
94,2.197380419279211e-15
95,7.436711127723197e-15
96,2.1550300637243684e-15
97,7.250686425371629e-15
98,2.174401332336123e-15
99,7.204867938891457e-15
100,2.1937984056199387e-15
101,7.696383234137041e-15
102,2.1980760467826205e-15
103,7.222047370161302e-15
104,2.2022968477111596e-15
105,7.505738267977162e-15
106,2.263253938806905e-15
107,7.81158398289679e-15
108,2.1910299986283433e-15
109,7.601913779209514e-15
110,2.2801619222562925e-15
111,7.237898859977897e-15
112,2.2296527306548442e-15
113,7.21817349297914e-15
114,2.1981024023540157e-15
115,7.904386106231538e-15
116,2.1596813338691046e-15
117,7.541386555296352e-15
118,2.2100574972737534e-15
119,7.573537152394718e-15
120,2.181330797664361e-15
121,8.055580696995571e-15
122,2.2569417446138136e-15
123,7.455609706005625e-15
124,2.2143443209589433e-15
125,7.689118541332518e-15
126,2.1709766393811365e-15
127,7.600521736013802e-15
128,2.2096622266725603e-15
129,7.552391722862945e-15
130,2.223400070866759e-15
131,7.67237069931568e-15
132,2.1888658749198876e-15
133,7.389924378105913e-15
134,2.186354142946585e-15
135,7.902843993000348e-15
136,2.212893728616363e-15
137,7.472025797559626e-15
138,2.208650662216691e-15
139,7.686538844105312e-15
140,2.2289610614029884e-15
141,7.590878122560897e-15
142,2.195791302277514e-15
143,7.350957404334637e-15
144,2.222401614814558e-15
145,7.257541589057631e-15
146,2.1839212564294404e-15
147,7.421554371770642e-15
148,2.1824066508381794e-15
149,7.692413344817964e-15
150,2.1596980554336577e-15
151,7.135455740914781e-15
152,2.2417651197683232e-15
153,7.719147669360101e-15
154,2.225030989635463e-15
155,7.52794068648921e-15
156,2.2021833608335333e-15
157,7.76022093895958e-15
158,2.2003007713848356e-15
159,7.67859075303403e-15
160,2.2043963569987435e-15
161,7.445825292904728e-15
162,2.181951029709512e-15
163,7.327141951450653e-15
164,2.214487963641869e-15
165,7.596825804200755e-15
166,2.191849929497802e-15
167,7.770509554544556e-15
168,2.1930243175205833e-15
169,7.660945508858888e-15
170,2.1982787540687092e-15
171,7.513144227988665e-15
172,2.195448326627331e-15
173,7.640758877345412e-15
174,2.254602340119926e-15
175,7.61550961666606e-15
176,2.2392283488365025e-15
177,7.310463915235248e-15
178,2.2052560114924217e-15
179,7.788835473419246e-15
180,2.1583227967498164e-15
181,7.359486715609679e-15
182,2.2228804219956184e-15
183,7.529126312665668e-15
184,2.223736737142554e-15
185,7.51641687432357e-15
186,2.2326462980157083e-15
187,7.471836496948356e-15
188,2.2116099780312644e-15
189,7.66857439726618e-15
190,2.2140661294349823e-15
191,7.234455295886556e-15
192,2.1957555391086677e-15
193,7.650083916258105e-15
194,2.234581443799682e-15
195,7.33283979432709e-15
196,2.226721870755408e-15
197,7.53795387686972e-15
198,2.2121246220008973e-15
199,7.426567106763702e-15
200,2.167811641005374e-15
201,7.756121537388792e-15
202,2.1872484069768204e-15
203,7.975981293484948e-15
204,2.1949779209232765e-15
205,7.528258097638622e-15
206,2.194518910168621e-15
207,7.684850415711674e-15
208,2.2207032092583715e-15
209,7.510423146025177e-15
210,2.184789171794092e-15
211,7.61797589163943e-15
212,2.209469555564731e-15
213,7.069819878251116e-15
214,2.217071749636371e-15
215,7.482899713177048e-15
216,2.2056319463464104e-15
217,7.977695623959089e-15
218,2.220481372399222e-15
219,7.259573163710122e-15
220,2.208109739394864e-15
221,7.382914951789144e-15
222,2.178068961551282e-15
223,7.212393408581967e-15
224,2.211874798228068e-15
225,8.163403657172173e-15
226,2.227690696636853e-15
227,7.487977484259026e-15
228,2.2655436047436153e-15
229,7.716088158142207e-15
230,2.2919925001402085e-15
231,7.851026176239491e-15
232,2.20419088432332e-15
233,7.314693766257704e-15
234,2.2162132835797746e-15
235,7.289710506642848e-15
236,2.217855932604933e-15
237,7.657566425641757e-15
238,2.1930916441045877e-15
239,7.428863581169465e-15
240,2.1867739257646373e-15
241,7.460756068857693e-15
242,2.201684162652909e-15
243,8.000533809890045e-15
244,2.189777237084844e-15
245,7.17561070418888e-15
246,2.2026318827989764e-15
247,7.544610253406385e-15
248,2.2202214122154754e-15
249,7.633772406378159e-15
250,2.194425570807212e-15
251,7.625566470054666e-15
252,2.1912970484292782e-15
253,7.31637959238987e-15
254,2.2081406601412025e-15
255,7.817023426050668e-15
256,2.2139512706003655e-15
257,7.53718011093256e-15
258,2.186208232338583e-15
259,7.522729872368036e-15
260,2.1826114166385985e-15
261,7.135515630571646e-15
262,2.2115849741008376e-15
263,7.953809693066991e-15
264,2.1828560051501305e-15
265,7.32065700067407e-15
266,2.1837936152064107e-15
267,7.743564696105437e-15
268,2.1932277489878796e-15
269,7.500221531276562e-15
270,2.1652503814839106e-15
271,7.568830903195433e-15
272,2.174245190194697e-15
273,7.271596736838094e-15
274,2.1720029461644637e-15
275,7.50180228199068e-15
276,2.2090998400456845e-15
277,7.395084710181306e-15
278,2.2001104863923983e-15
279,7.707239710880924e-15
280,2.2105951356541216e-15
281,7.698967450599998e-15
282,2.228437602817749e-15
283,7.45530615579655e-15
284,2.2440905722892984e-15
285,7.3726356850619e-15
286,2.1888272917366767e-15
287,7.466910578331207e-15
288,2.1723011683549895e-15
289,7.653441923780235e-15
290,2.1948994262619285e-15
291,7.644782359622734e-15
292,2.2327391347117433e-15
293,7.346100368551774e-15
294,2.2316993453982593e-15
295,7.718372572718133e-15
296,2.1650666482532593e-15
297,7.895658728257678e-15
298,2.227909620610971e-15
299,7.36266906920969e-15
300,2.2084814624092775e-15
301,7.754977600879537e-15
302,2.187706525103566e-15
303,7.330777619291238e-15
304,2.1916653366288404e-15
305,7.584940854213539e-15
306,2.219102505355864e-15
307,7.203669885283359e-15
308,2.1956556347153457e-15
309,7.68209535089435e-15
310,2.2120557489649887e-15
311,7.779416018595921e-15
312,2.23102440277166e-15
313,7.258443844234654e-15
314,2.258552398527218e-15
315,7.221198912897267e-15
316,2.2177049067005096e-15
317,7.48351984422174e-15
318,2.2119841102295567e-15
319,7.730328785157407e-15
320,2.1966761802484446e-15
321,7.628863473977744e-15
322,2.2232741039723777e-15
323,7.331440993650657e-15
324,2.2188703362521814e-15
325,7.589777480895108e-15
326,2.1696779376441775e-15
327,7.693205139470629e-15
328,2.18133788985999e-15
329,7.437271176489657e-15
330,2.201741058508977e-15
331,7.623230558513261e-15
332,2.19939198464235e-15
333,7.552794173217865e-15
334,2.198545008940362e-15
335,7.622489137872152e-15
336,2.210213407145875e-15
337,7.324857136052646e-15
338,2.2078838259278775e-15
339,7.41735300111165e-15
340,2.19228255907185e-15
341,7.583602046427474e-15
342,2.1931521076190547e-15
343,7.357315842364832e-15
344,2.2176394087652004e-15
345,7.454933159626504e-15
346,2.222586447625266e-15
347,7.449639769394168e-15
348,2.2751335612067786e-15
349,7.398778103903457e-15
350,2.229523826855305e-15
351,7.347046636590403e-15
352,2.251576397513125e-15
353,7.52640621060839e-15
354,2.216503266253779e-15
355,7.408689644625238e-15
356,2.2277743681541344e-15
357,7.291464845216751e-15
358,2.2884932160935747e-15
359,7.333113941118418e-15
360,2.2581099757564434e-15
361,7.660343669659616e-15
362,2.239064000828942e-15
363,7.284056599931598e-15
364,2.296548905581333e-15
365,7.773822510986866e-15
366,2.298092954834486e-15
367,7.43437416852326e-15
368,2.2775563064176968e-15
369,7.301658075060291e-15
370,2.252195824804186e-15
371,7.457488051725455e-15
372,2.2319678495451064e-15
373,7.592947340883753e-15
374,2.214065556005157e-15
375,7.191851613653878e-15
376,2.249708689886465e-15
377,7.428035506054974e-15
378,2.2466718447039065e-15
379,7.432024326592087e-15
380,2.2396983939926447e-15
381,7.602467199965776e-15
382,2.242421312150114e-15
383,7.332560712215573e-15
384,2.273456368968018e-15
385,7.395962861831593e-15
386,2.2537034633262037e-15
387,7.40754161941626e-15
388,2.2313797277291448e-15
389,6.979110529421331e-15
390,2.2400576329692484e-15
391,7.88792135506887e-15
392,2.285253408786858e-15
393,7.280161153045021e-15
394,2.245653164240779e-15
395,7.140966015405238e-15
396,2.2498960027572247e-15
397,7.769926272251021e-15
398,2.2494150860242612e-15
399,7.525376121145144e-15
400,2.2458429509999748e-15
401,7.205833588840416e-15
402,2.257727033512365e-15
403,7.362528459818237e-15
404,2.2328485940740416e-15
405,7.642117600596895e-15
406,2.230784220785226e-15
407,7.209856016429014e-15
408,2.238017064869586e-15
409,7.8537694959195e-15
410,2.215934552149614e-15
411,7.417801725900695e-15
412,2.1879430434437727e-15
413,7.214972453884803e-15
414,2.1964031584134715e-15
415,7.350424352006661e-15
416,2.2468592014642652e-15
417,7.350454649411638e-15
418,2.2601653582699395e-15
419,7.583145670852714e-15
420,2.240370051820098e-15
421,7.530835268534732e-15
422,2.2324344945878626e-15
423,7.34601351879828e-15
424,2.2568905324056394e-15
425,7.153662663052469e-15
426,2.2558327758541077e-15
427,7.554418898289568e-15
428,2.256143927296954e-15
429,7.53014709674996e-15
430,2.2635349140281327e-15
431,7.142467849925187e-15
432,2.2458735197416955e-15
433,7.39089353815983e-15
434,2.280808315142375e-15
435,7.386654357518212e-15
436,2.265454447447468e-15
437,7.698718840559773e-15
438,2.2120704590650917e-15
439,7.378922423485774e-15
440,2.2257252428871627e-15
441,7.569273828712305e-15
442,2.257308727966465e-15
443,7.314693766257704e-15
444,2.2590326189764812e-15
445,7.194204606323475e-15
446,2.219118779168425e-15
447,7.31162224380941e-15
448,2.1889341886875156e-15
449,7.169214523937841e-15
450,2.2406731933136087e-15
451,7.328245900330887e-15
452,2.2673232457354587e-15
453,7.562733072644541e-15
454,2.201832165702784e-15
455,7.267751755149453e-15
456,2.231303356604922e-15
457,7.758465536890945e-15
458,2.2238717276940378e-15
459,7.552754327604578e-15
460,2.2687378038396648e-15
461,7.305435777966754e-15
462,2.247744790669004e-15
463,7.51243440587155e-15
464,2.260366741286163e-15
465,7.32411016480612e-15
466,2.2345004472274874e-15
467,7.133034428173228e-15
468,2.2383700193417844e-15
469,7.5568509502777e-15
470,2.2189217054412504e-15
471,7.503791789112091e-15
472,2.2184373382773916e-15
473,7.447331113093436e-15
474,2.229023062319581e-15
475,7.126138041799483e-15
476,2.2539096379726212e-15
477,7.414141351555213e-15
478,2.2308860509876623e-15
479,7.548712093143104e-15
480,2.2481414810513662e-15
481,7.429554653434195e-15
482,2.2780920611870222e-15
483,7.367848490524921e-15
484,2.2497982412624665e-15
485,7.448943288334767e-15
486,2.2056528392125142e-15
487,7.582759119099796e-15
488,2.233814141754937e-15
489,7.72776596029519e-15
490,2.254069106821788e-15
491,7.284259043392332e-15
492,2.247514952663096e-15
493,7.15596597145429e-15
494,2.220864469643491e-15
495,7.384870470094229e-15
496,2.2215999022854366e-15
497,7.21091281520511e-15
498,2.18715940121651e-15
499,7.33687626801255e-15
