time,std
0,5.9554715004740486e-05
1,2.6147234666845673e-06
2,3.273385089707182e-06
3,1.8516589241444543e-06
4,3.1077257178393198e-06
5,2.0554806589749523e-06
6,2.4326514057870277e-06
7,3.2973877205899113e-06
8,9.266012886200715e-07
9,3.3278766826740335e-06
10,1.0183851001817911e-07
11,3.5791267515067344e-06
12,3.495421301691724e-06
13,3.5430101450959426e-06
14,2.067348032011112e-06
15,5.999808944660115e-06
16,2.2785260634036348e-07
17,8.881574165857723e-06
18,3.7979823619688894e-06
19,1.0275058244585411e-05
20,5.144623986884815e-07
21,1.7260511324945119e-06
22,8.354330786933379e-07
23,2.1303292240058165e-06
24,1.0893946738742904e-07
25,1.92188044023147e-06
26,6.551006034565583e-07
27,8.478243054616016e-07
28,6.420156125775466e-07
29,5.5376394852939155e-06
30,2.483888353672001e-06
31,4.195521661039481e-06
32,8.079871428726203e-07
33,1.0853857180555068e-05
34,7.1237977119508455e-06
35,1.9079972713475232e-05
36,6.458980851670767e-07
37,2.1335869002772822e-05
38,8.628685083709557e-06
39,1.689642997114598e-05
40,2.414548118681263e-06
41,2.8680361440225842e-05
42,1.9343922398092945e-05
43,5.0887741597631695e-05
44,1.991793427222288e-06
45,5.478045200611722e-05
46,2.107824108362712e-05
47,2.8874618011519054e-05
48,8.275288853207642e-06
49,0.00011373482082912367
50,7.016642364643592e-05
51,0.000197131218021264
52,3.6260215624111847e-06
53,0.00023583160395877658
54,0.00011197550822849226
55,0.00031623831862053685
56,9.062705605761342e-06
57,0.00020748713864930256
58,0.0001281537748763059
59,0.0003289072376368083
60,1.500166862667697e-05
61,0.00033437133019578486
62,0.00011399395222239632
63,1.0179196497127387e-05
64,7.83257832750997e-05
65,0.0009605801506919071
66,0.00046601606299613265
67,0.0013223646255666997
68,4.8581834091506564e-05
69,0.0006639963624801919
70,0.00039352024785284086
71,0.0010060822875653534
72,5.387911048919143e-05
73,0.0009044175092776436
74,0.00029060732914117186
75,0.0006281639876884356
76,0.0003445637293148695
77,0.002497464423798137
78,0.0010268386810478299
79,0.00047074411082994753
80,0.0005814390761835587
81,0.007988444371663048
82,0.004189835060112711
83,0.012470822471853642
84,0.00014013875240885402
85,0.012849063113502583
86,0.007318251007009769
87,0.020383399549456886
88,0.0005906319682619785
89,0.023180892708847215
90,0.009228070290535795
91,0.020017164748125774
92,0.0023578013285164533
93,0.024329397294796957
94,0.01494796856292105
95,0.04165246302794712
96,0.0010580728155822738
97,0.04715132087051963
98,0.019742393249979024
99,0.045048519069484046
100,0.004378563057916984
101,0.03461041384342366
102,0.01846863288756128
103,0.05182533334351943
104,0.0006461997490257453
105,0.04710157382621103
106,0.023763244394847786
107,0.06676278477280505
108,0.0008548933533202032
109,0.06652608631077632
110,0.030684562288081602
111,0.07897882912076935
112,0.0031780110755880242
113,0.04294375804617777
114,0.01710097842786293
115,0.0411237751400492
116,0.0028949590340627243
117,0.024204429355927305
118,0.013089763338468825
119,0.03560978930958068
120,0.0006016745929229508
121,0.03663441507995633
122,0.016219320644421473
123,0.04223640716573709
124,0.0020102670402650726
125,0.03265156449557031
126,0.01677055350629171
127,0.04606972064849461
128,0.0007541972169229286
129,0.04496414337026904
130,0.0190273115146755
131,0.04529915043704216
132,0.0033771154404606024
133,0.028144824467048465
134,0.01479692669069144
135,0.04114421135660982
136,0.00034879054140599434
137,0.042913958875558114
138,0.021081542382241997
139,0.059096872909793145
140,0.0008423098627167524
141,0.054766497555015864
142,0.025727386136738327
143,0.06929901173290078
144,0.0020219472721604696
145,0.05108485996962782
146,0.02260253461104786
147,0.05889611598599356
148,0.0026418303232564016
149,0.03646059464469215
150,0.016758997492654044
151,0.046048673329594614
152,0.0010039833495374575
153,0.03739382730799069
154,0.018000830245717272
155,0.05076369339317884
156,0.0005301385291051121
157,0.04890622732039739
158,0.023604398052395524
159,0.06538768995591014
160,0.0012303464996987466
161,0.055588792465588746
162,0.025471521215020533
163,0.06718257948250128
164,0.0024943455436760263
165,0.04441253168402943
166,0.019358135797919968
167,0.05142184911398707
168,0.0018026065788255355
169,0.02909975140395551
170,0.013649287371239093
171,0.037344956661728636
172,0.00036748182345503985
173,0.03740132311918832
174,0.016996753041846644
175,0.046386767985585685
176,0.0012260767604781208
177,0.034706698934511386
178,0.017336845868384042
179,0.04799767475038851
180,0.0007258554975615722
181,0.048504860378536595
182,0.02120086453290973
183,0.05314151035501576
184,0.0031848861826958676
185,0.03468619210188319
186,0.017227060400994216
187,0.04714217112540696
188,0.00046614165713404097
189,0.04460947044893703
190,0.020535312094423913
191,0.05531425252233494
192,0.001363412053646271
193,0.04105594313036352
194,0.018893196976940127
195,0.050724152856473415
196,0.0009387675260265498
197,0.03942021217277101
198,0.017044972658623314
199,0.04530539174974537
200,0.001543247848294592
201,0.02825381832918189
202,0.014036435755674332
203,0.03841619885055823
204,0.0005791470434265895
205,0.03872929049508299
206,0.01684412206265952
207,0.042995340636851564
208,0.002135761407184599
209,0.027061961496506633
210,0.013799097080591256
211,0.03771697906131471
212,0.0006798981959223831
213,0.037926117116306085
214,0.016210796133314213
215,0.04063106251222293
216,0.0024936723206316442
217,0.02733752816076963
218,0.014400382892051884
219,0.03910901302872634
220,0.0006677789391708051
221,0.0396187719111419
222,0.01680720620068958
223,0.04135276044609528
224,0.002645863050081805
225,0.027374858352992915
226,0.01449684464652547
227,0.03978562541923951
228,0.000573742302797577
229,0.04147598648054236
230,0.018410063234680932
231,0.048349548501090404
232,0.001970968936347832
233,0.03140683650918579
234,0.015549656719265673
235,0.042669419986205
236,0.0006533904935182794
237,0.040964253471239824
238,0.017727574026212792
239,0.04483687548702376
240,0.0025092326904855183
241,0.0303726355651524
242,0.015768234032478488
243,0.04351279675188214
244,0.0006803235671524106
245,0.04463669710740004
246,0.019627638001538775
247,0.05069550190380282
248,0.0025075851676533037
249,0.027402208012310365
250,0.013141626632943333
251,0.03507886402714992
252,0.0003903133021435455
253,0.03308508973988175
254,0.014356778474700606
255,0.037936289337499624
256,0.0009964913055011712
257,0.025020548668732653
258,0.0124177767439125
259,0.03291358397501571
260,0.0006527670499917733
261,0.03158427904663883
262,0.012463180949353793
263,0.02749822260315129
264,0.0025730336578894822
265,0.024659328501196946
266,0.01369956753040767
267,0.03838106947494039
268,0.00047406781383713944
269,0.04122895300140254
270,0.019389626446235653
271,0.05346255294895145
272,0.001321493888683854
273,0.043768139481737085
274,0.021401796340206874
275,0.05904266106252735
276,0.0010117931087441612
277,0.05017088054996227
278,0.021570290541595503
279,0.053252562723046765
280,0.0037229021983516664
281,0.0363437457805205
282,0.01846150879738522
283,0.05141140066258779
284,0.000618536454045307
285,0.04712177768481656
286,0.02276364358682511
287,0.06264015120877515
288,0.0010238066665303643
289,0.05552523068410449
290,0.025252514359839145
291,0.06593688092329594
292,0.002256984701026459
293,0.04200329942092523
294,0.017941997321787133
295,0.047335930880710864
296,0.0014436082378829081
297,0.02881245403476644
298,0.013763793611293101
299,0.03733528381823888
300,0.0005267417028068785
