time,std
0,0.0601211534897199
1,0.002838722176741569
2,0.0023244485421242377
3,0.001331801989167765
4,0.0012654687582430932
5,0.0008223236515724948
6,0.0007657077786089575
7,0.0005320453292676683
8,0.00048148986368197174
9,0.00034994490475214504
10,0.00030915213689132145
11,0.00023205705183518846
12,0.0002012381209412701
13,0.00015468272936808024
14,0.00013230036244513143
15,0.00010350535068428296
16,8.763804277364731e-05
17,6.94762692166661e-05
18,5.839679507596023e-05
19,4.67576668320182e-05
20,3.9095784074322346e-05
21,3.063137500087627e-05
22,2.5531554919327523e-05
23,2.0705824710105938e-05
24,1.7211772333976482e-05
25,1.4021903977859863e-05
26,1.1634371093377492e-05
27,9.511521607700215e-06
28,7.882609028725463e-06
29,6.462154145751373e-06
30,5.351669178430262e-06
31,4.397000189321489e-06
32,3.640106800968662e-06
33,2.996151551663668e-06
34,2.480165944115775e-06
35,2.044474327839733e-06
36,1.692550941753419e-06
37,1.3970012471107113e-06
38,1.1568086644810666e-06
39,9.55869081297246e-07
40,7.917947041977567e-07
41,6.549031761582974e-07
42,5.42716263024687e-07
43,4.4928694221295387e-07
44,3.724976654546565e-07
45,3.086236084406189e-07
46,2.560047056562998e-07
47,2.122672280273342e-07
48,1.7616922939664343e-07
49,1.4617525731951896e-07
50,1.213819252572718e-07
51,1.0078345053572653e-07
52,8.373434385083974e-08
53,6.956886793413692e-08
54,5.783116838293805e-08
55,4.8076798192805156e-08
56,3.9986313788117996e-08
57,3.3260920361515545e-08
58,2.767791175532714e-08
59,2.3035264080169398e-08
60,1.9739827040223978e-08
61,1.6437219923348598e-08
62,1.3691497288356586e-08
63,1.1406414919772554e-08
64,9.50542379188925e-09
65,7.922668004160408e-09
66,6.605172902462277e-09
67,5.507755705165018e-09
68,4.5937584039408146e-09
69,3.832111128916164e-09
70,3.197440503449099e-09
71,2.6683392907793454e-09
72,2.2272370427064373e-09
73,1.8593582486749778e-09
74,1.5525288940144275e-09
75,1.2965346919630587e-09
76,1.0829347768304123e-09
77,9.046584926411016e-10
78,7.558488647225761e-10
79,6.316052290891541e-10
80,5.278604137165919e-10
81,4.4121374157642885e-10
82,3.6883891917576755e-10
83,3.083736147556775e-10
84,2.5785232532833503e-10
85,2.1563237847380696e-10
86,1.8034572863573343e-10
87,1.5084924144595897e-10
88,1.2619005688194975e-10
89,1.055722829527188e-10
90,8.833141644630895e-11
91,7.391288724547196e-11
92,6.18532523216559e-11
93,5.1765604244868843e-11
94,4.332661956485374e-11
95,3.626612183263449e-11
96,3.0358536054250706e-11
97,2.5414902299083208e-11
98,2.1277839556085052e-11
99,1.7815378487330124e-11
100,1.4917228394396967e-11
101,1.2491291018556148e-11
102,1.0460376658589327e-11
103,8.760218272773464e-12
104,7.33670740045286e-12
105,6.144900670363197e-12
106,5.1468540619533265e-12
107,4.3112053659221285e-12
108,3.6113278559001724e-12
109,3.0251878933434457e-12
110,2.534336837037735e-12
111,2.123240283641932e-12
112,1.7787855288041856e-12
113,1.4904135807501852e-12
114,1.248810625644819e-12
115,1.0464146665799141e-12
116,8.76904031540944e-13
117,7.34795012353817e-13
118,6.157316746635334e-13
119,5.159955131886384e-13
120,4.3232939082652444e-13
121,3.6229501062004276e-13
122,3.035982301598514e-13
123,2.5439430863045147e-13
124,2.1319842676461373e-13
125,1.786210305267047e-13
126,1.4971231352462376e-13
127,1.255135829220106e-13
128,1.052345803490598e-13
129,8.835043169871242e-14
130,7.39028043499576e-14
131,6.202800634708594e-14
132,5.2037021667058786e-14
133,4.3627800288381967e-14
134,3.6714832905087774e-14
135,3.08213490022391e-14
136,2.61033739872291e-14
137,2.218467726768179e-14
138,1.8821321695194184e-14
139,1.6198898830381554e-14
140,1.3613881182112628e-14
141,1.1824620249445563e-14
142,9.820992644581911e-15
143,8.822213788380277e-15
144,7.57620934964278e-15
145,6.862697233574085e-15
146,6.1978645290599855e-15
147,5.516132383967258e-15
148,4.952196935707224e-15
149,4.252432065887635e-15
150,3.7171304115554835e-15
151,3.2878104924038864e-15
152,3.2676810591838675e-15
153,2.4635804166654124e-15
154,4.994842480486906e-15
155,3.087497053816116e-15
156,4.865528628666822e-15
157,4.441446396102256e-15
158,4.9543814386229135e-15
159,1.3510767963447044e-15
160,3.4509041801924996e-15
161,1.183346424343438e-15
162,4.091838947639134e-15
163,3.004422411910487e-15
164,3.300283449178511e-15
165,5.19046147901352e-16
166,1.5550565226671877e-15
167,4.310912766682251e-15
168,8.092764528394514e-16
169,4.998557087901377e-15
170,4.785631274033184e-15
171,4.910303267439213e-15
172,4.8609116259309845e-15
173,2.2205138149881785e-16
174,4.94184975959929e-15
175,0.0
176,2.2205138149881785e-16
177,3.673558954493687e-15
178,3.555849896067076e-15
179,1.9736129768879563e-15
180,1.2779781265191483e-15
181,4.856368315423479e-15
182,3.64151884340355e-15
183,7.845429253926036e-16
184,8.693791820783641e-16
185,4.441027629976357e-16
186,2.1291396576608355e-15
187,2.379488542794738e-15
188,4.9945026525326905e-15
189,3.462398614765826e-15
190,1.759431076708887e-15
191,4.441027629976357e-16
192,0.0
193,5.031120794325285e-16
194,8.692943685653614e-16
195,3.225301616142295e-15
196,4.95932984092725e-15
197,0.0
198,1.3521244030551995e-16
199,0.0
200,1.1285383954631465e-16
201,4.328267162808989e-15
202,2.6722292327102095e-15
203,0.0
204,1.6588590301791948e-15
205,4.488700375289196e-15
206,0.0
207,1.5941311608079674e-15
208,2.2205138149881785e-16
209,0.0
210,4.441027629976357e-16
211,3.574513439320417e-15
212,3.872536622374183e-15
213,0.0
214,0.0
215,5.683213330234963e-16
216,4.441027629976357e-16
217,4.90289096254132e-15
218,0.0
219,0.0
220,2.2205138149881785e-16
221,3.0818067480243307e-15
222,4.865375541416345e-15
223,2.2205138149881785e-16
224,4.183887284249793e-15
225,4.99123665487378e-15
226,4.441027629976357e-16
227,2.2205138149881785e-16
228,4.247697743485925e-15
229,0.0
230,2.2205138149881785e-16
231,2.8591483744957556e-15
232,4.7111075680634315e-15
233,2.2205138149881785e-16
234,4.60824017149546e-16
235,2.2205138149881785e-16
236,0.0
237,3.1893004593045964e-16
238,2.2205138149881785e-16
239,1.846440311316293e-15
240,3.2182206660608285e-15
241,4.868698771610489e-16
242,2.2205138149881785e-16
243,0.0
244,4.235485667554019e-15
245,1.2539085872383786e-15
246,0.0
247,2.12505579490875e-15
248,4.505109815407977e-15
249,2.2205138149881785e-16
250,0.0
251,4.8589012627674936e-15
252,2.2205138149881785e-16
253,0.0
254,4.434806199426304e-15
255,7.610687761191796e-16
256,2.2205138149881785e-16
257,4.257809314639793e-15
258,3.0503590502726322e-15
259,2.2205138149881785e-16
260,0.0
261,5.119060371380257e-16
262,1.1459783855760192e-15
263,2.087416175527556e-15
264,4.340764541481336e-15
265,0.0
266,2.2205138149881785e-16
267,3.5153539467810983e-15
268,2.8269670809880487e-15
269,2.2205138149881785e-16
270,1.420414337291716e-15
271,6.585161926263658e-16
272,0.0
273,4.249314917154922e-15
274,3.313797140255385e-15
275,0.0
276,0.0
277,4.996955944378087e-15
278,0.0
279,4.441027629976357e-16
280,4.6507867496340985e-15
281,4.726063974995072e-15
282,0.0
283,9.531945261351967e-16
284,4.984086918171022e-15
285,0.0
286,2.2205138149881785e-16
287,4.914012576177733e-16
288,4.9899859869131656e-15
289,2.342856496930543e-15
290,2.2205138149881785e-16
291,2.2205138149881785e-16
292,0.0
293,9.203720548160507e-16
294,1.633189501527853e-15
295,4.441027629976357e-16
296,8.981870868804918e-16
297,4.1656403397951915e-15
298,8.551585587099927e-16
299,2.39607793613147e-15
300,3.999365157249004e-16
301,2.2205138149881785e-16
302,3.0966609429498133e-16
303,3.4029155067578946e-15
304,4.854760570048138e-15
305,2.2205138149881785e-16
306,2.7710407548703034e-15
307,4.942613656209164e-15
308,0.0
309,0.0
310,1.6339475893091281e-15
311,1.4640310496157039e-15
312,2.2205138149881785e-16
313,4.717279111790949e-15
314,4.527228372346095e-15
315,2.2205138149881785e-16
316,0.0
317,0.0
318,2.2205138149881785e-16
319,2.8370092469454376e-15
320,3.580850835867627e-15
321,3.4678050421448366e-15
322,2.5771001424327255e-15
323,0.0
324,0.0
325,2.2205138149881785e-16
326,0.0
327,1.4583734090494398e-15
328,2.0251796546644584e-15
329,5.082362010210351e-16
330,2.228182380083545e-15
331,1.1177198251711128e-15
332,4.0339240636867224e-15
333,2.2205138149881785e-16
334,3.319187211276585e-15
335,4.441027629976357e-16
336,0.0
337,2.2205138149881785e-16
338,3.334705978815712e-15
339,1.994601386170324e-15
340,2.2205138149881785e-16
341,2.2205138149881785e-16
342,3.807686047485923e-15
343,2.2205138149881785e-16
344,2.2205138149881785e-16
345,1.0208315378956052e-15
346,4.441027629976357e-16
347,2.2205138149881785e-16
348,4.09194338389415e-15
349,0.0
350,4.800067101156345e-16
351,2.2205138149881785e-16
352,2.6882351960760407e-15
353,4.988712685150511e-15
354,2.2205138149881785e-16
355,4.990325217855306e-15
356,3.812084241295873e-15
357,2.2205138149881785e-16
358,4.513567207805154e-15
359,9.464934413149397e-16
360,1.8407441096321014e-15
361,0.0
362,4.817220167696709e-15
363,4.9932280917212444e-15
364,3.255290267678011e-15
365,0.0
366,7.735702429404923e-16
367,2.5196371891414836e-15
368,2.2205138149881785e-16
369,1.0238120742760515e-15
370,2.2205138149881785e-16
371,4.997247729135506e-15
372,4.441027629976357e-16
373,7.44692053853362e-16
374,0.0
375,0.0
376,4.441027629976357e-16
377,1.3546937803376499e-15
378,4.80932808181114e-15
379,4.8395881396924205e-15
380,4.276833989485293e-15
381,2.4389124118055638e-15
382,2.2205138149881785e-16
383,4.9548260588066846e-15
384,2.2205138149881785e-16
385,4.245010301180504e-15
386,2.2205138149881785e-16
387,0.0
388,0.0
389,3.262106253140776e-15
390,1.1040049520835129e-16
391,4.933838020952901e-15
392,2.3479799885610263e-16
393,3.6525197373079606e-15
394,3.2793239918998845e-16
395,2.2205138149881785e-16
396,4.869425319665395e-15
397,4.324086731608385e-15
398,3.0596681071390707e-15
399,0.0
400,9.422630984880383e-16
401,2.0562816468637474e-15
402,3.4538810342924054e-15
403,0.0
404,3.948234127220659e-15
405,0.0
406,4.441027629976357e-16
407,4.441027629976357e-16
408,0.0
409,0.0
410,2.2205138149881785e-16
411,4.441027629976357e-16
412,0.0
413,0.0
414,0.0
415,7.377573968017975e-16
416,0.0
417,4.775135244865143e-15
418,7.032159667421407e-16
419,0.0
420,4.0375198426597804e-15
421,4.326434308505137e-15
422,2.2205138149881785e-16
423,2.2205138149881785e-16
424,2.2205138149881785e-16
425,0.0
426,1.9670742940510053e-15
427,3.2061235532642463e-15
428,0.0
429,1.1853474775475696e-15
430,0.0
431,2.2205138149881785e-16
432,4.099078452634627e-15
433,0.0
434,0.0
435,3.098028015641042e-15
436,2.8907981304793654e-15
437,6.268018716165795e-16
438,2.4595716093235715e-15
439,2.2205138149881785e-16
440,4.376386041539562e-15
441,5.099975954704385e-15
442,4.2117123955742224e-15
443,2.2205138149881785e-16
444,2.250588101622764e-15
445,2.2205138149881785e-16
446,2.2205138149881785e-16
447,2.2205138149881785e-16
448,4.441027629976357e-16
449,0.0
450,0.0
451,4.990707541178301e-15
452,4.416922683048973e-15
453,4.019829590473953e-15
454,2.7685178314349122e-15
455,0.0
456,4.979805564998059e-15
457,4.441027629976357e-16
458,2.2205138149881785e-16
459,2.2205138149881785e-16
460,2.2205138149881785e-16
461,2.2205138149881785e-16
462,2.7337792202726246e-15
463,0.0
464,3.0879488041012636e-15
465,8.682880911439769e-16
466,0.0
467,3.841157363456987e-15
468,4.441027629976357e-16
469,4.069351019777631e-15
470,2.1349741915368416e-15
471,4.142003486104746e-15
472,3.933913357204827e-15
473,5.0046946694631246e-15
474,3.581162621280322e-15
475,9.529040172008748e-16
476,1.1312684389375343e-15
477,4.746471284750758e-15
478,4.113777852087563e-15
479,2.2205138149881785e-16
480,4.433202722513828e-15
481,2.2205138149881785e-16
482,2.2205138149881785e-16
483,4.901595342886888e-16
484,0.0
485,0.0
486,2.1887221082907276e-15
487,3.732663235342925e-15
488,4.988753404471538e-15
489,4.440287577749471e-15
490,2.3479799885610263e-16
491,0.0
492,4.599408565326911e-15
493,0.0
494,4.441027629976357e-16
495,2.2205138149881785e-16
496,0.0
497,2.2205138149881785e-16
498,1.89161757928272e-15
499,2.2205138149881785e-16
