0.14 0.01
0.15 0.01
0.16 0.01
0.17 0.01
0.18 0.01
0.19 0.01
0.2 0.01
0.21 0.01
0.22 0.01
0.23 0.01
0.24 0.01
0.25 0.01
0.26 0.01
0.27 0.01
0.27 0.02
0.28 0.01
0.28 0.02
0.29 0.01
0.29 0.02
0.3 0.01
0.3 0.02
0.31 0.01
0.31 0.02
0.32 0.01
0.32 0.02
0.33 0.01
0.33 0.02
0.34 0.01
0.34 0.02
0.35 0.01
0.35 0.02
0.36 0.01
0.36 0.02
0.37 0.01
0.37 0.02
0.38 0.01
0.38 0.02
0.39 0.01
0.39 0.02
0.4 0.01
0.4 0.02
0.4 0.03
0.41 0.01
0.41 0.02
0.41 0.03
0.42 0.01
0.42 0.02
0.42 0.03
0.43 0.01
0.43 0.02
0.43 0.03
0.44 0.01
0.44 0.02
0.44 0.03
0.45 0.01
0.45 0.02
0.45 0.03
0.46 0.01
0.46 0.02
0.46 0.03
0.47 0.01
0.47 0.02
0.47 0.03
0.48 0.01
0.48 0.02
0.48 0.03
0.49 0.01
0.49 0.02
0.49 0.03
0.5 0.01
0.5 0.02
0.5 0.03
0.51 0.01
0.51 0.02
0.51 0.03
0.52 0.01
0.52 0.02
0.52 0.03
0.53 0.01
0.53 0.02
0.53 0.03
0.53 0.04
0.54 0.01
0.54 0.02
0.54 0.03
0.54 0.04
0.55 0.01
0.55 0.02
0.55 0.03
0.55 0.04
0.56 0.01
0.56 0.02
0.56 0.03
0.56 0.04
0.57 0.01
0.57 0.02
0.57 0.03
0.57 0.04
0.58 0.01
0.58 0.02
0.58 0.03
0.58 0.04
0.59 0.01
0.59 0.02
0.59 0.03
0.59 0.04
0.6 0.01
0.6 0.02
0.6 0.03
0.6 0.04
0.61 0.01
0.61 0.02
0.61 0.03
0.61 0.04
0.62 0.01
0.62 0.02
0.62 0.03
0.62 0.04
0.63 0.01
0.63 0.02
0.63 0.03
0.63 0.04
0.64 0.01
0.64 0.02
0.64 0.03
0.64 0.04
0.65 0.01
0.65 0.02
0.65 0.03
0.65 0.04
0.66 0.01
0.66 0.02
0.66 0.03
0.66 0.04
0.67 0.01
0.67 0.02
0.67 0.03
0.67 0.04
0.67 0.05
0.68 0.01
0.68 0.02
0.68 0.03
0.68 0.04
0.68 0.05
0.69 0.01
0.69 0.02
0.69 0.03
0.69 0.04
0.69 0.05
0.7 0.01
0.7 0.02
0.7 0.03
0.7 0.04
0.7 0.05
0.71 0.01
0.71 0.02
0.71 0.03
0.71 0.04
0.71 0.05
0.72 0.01
0.72 0.02
0.72 0.03
0.72 0.04
0.72 0.05
0.73 0.01
0.73 0.02
0.73 0.03
0.73 0.04
0.73 0.05
0.74 0.01
0.74 0.02
0.74 0.03
0.74 0.04
0.74 0.05
0.75 0.01
0.75 0.02
0.75 0.03
0.75 0.04
0.75 0.05
0.76 0.01
0.76 0.02
0.76 0.03
0.76 0.04
0.76 0.05
0.77 0.01
0.77 0.02
0.77 0.03
0.77 0.04
0.77 0.05
0.78 0.01
0.78 0.02
0.78 0.03
0.78 0.04
0.78 0.05
0.79 0.01
0.79 0.02
0.79 0.03
0.79 0.04
0.79 0.05
0.8 0.01
0.8 0.02
0.8 0.03
0.8 0.04
0.8 0.05
0.8 0.06
0.81 0.01
0.81 0.02
0.81 0.03
0.81 0.04
0.81 0.05
0.81 0.06
0.82 0.01
0.82 0.02
0.82 0.03
0.82 0.04
0.82 0.05
0.82 0.06
0.83 0.01
0.83 0.02
0.83 0.03
0.83 0.04
0.83 0.05
0.83 0.06
0.84 0.01
0.84 0.02
0.84 0.03
0.84 0.04
0.84 0.05
0.84 0.06
0.85 0.01
0.85 0.02
0.85 0.03
0.85 0.04
0.85 0.05
0.85 0.06
0.86 0.01
0.86 0.02
0.86 0.03
0.86 0.04
0.86 0.05
0.86 0.06
0.87 0.01
0.87 0.02
0.87 0.03
0.87 0.04
0.87 0.05
0.87 0.06
0.88 0.01
0.88 0.02
0.88 0.03
0.88 0.04
0.88 0.05
0.88 0.06
0.89 0.01
0.89 0.02
0.89 0.03
0.89 0.04
0.89 0.05
0.89 0.06
0.9 0.01
0.9 0.02
0.9 0.03
0.9 0.04
0.9 0.05
0.9 0.06
0.91 0.01
0.91 0.02
0.91 0.03
0.91 0.04
0.91 0.05
0.91 0.06
0.92 0.01
0.92 0.02
0.92 0.03
0.92 0.04
0.92 0.05
0.92 0.06
0.93 0.01
0.93 0.02
0.93 0.03
0.93 0.04
0.93 0.05
0.93 0.06
0.94 0.01
0.94 0.02
0.94 0.03
0.94 0.04
0.94 0.05
0.94 0.06
0.94 0.07
0.95 0.01
0.95 0.02
0.95 0.03
0.95 0.04
0.95 0.05
0.95 0.06
0.95 0.07
0.96 0.01
0.96 0.02
0.96 0.03
0.96 0.04
0.96 0.05
0.96 0.06
0.96 0.07
0.97 0.01
0.97 0.02
0.97 0.03
0.97 0.04
0.97 0.05
0.97 0.06
0.97 0.07
0.98 0.01
0.98 0.02
0.98 0.03
0.98 0.04
0.98 0.05
0.98 0.06
0.98 0.07
0.99 0.01
0.99 0.02
0.99 0.03
0.99 0.04
0.99 0.05
0.99 0.06
0.99 0.07
1 0.01
1 0.02
1 0.03
1 0.04
1 0.05
1 0.06
1 0.07
1.01 0.01
1.01 0.02
1.01 0.03
1.01 0.04
1.01 0.05
1.01 0.06
1.01 0.07
1.02 0.01
1.02 0.02
1.02 0.03
1.02 0.04
1.02 0.05
1.02 0.06
1.02 0.07
1.03 0.01
1.03 0.02
1.03 0.03
1.03 0.04
1.03 0.05
1.03 0.06
1.03 0.07
1.04 0.01
1.04 0.02
1.04 0.03
1.04 0.04
1.04 0.05
1.04 0.06
1.04 0.07
1.05 0.01
1.05 0.02
1.05 0.03
1.05 0.04
1.05 0.05
1.05 0.06
1.05 0.07
1.06 0.01
1.06 0.02
1.06 0.03
1.06 0.04
1.06 0.05
1.06 0.06
1.06 0.07
1.06 0.08
1.07 0.01
1.07 0.02
1.07 0.03
1.07 0.04
1.07 0.05
1.07 0.06
1.07 0.07
1.08 0.01
1.08 0.02
1.08 0.03
1.08 0.04
1.08 0.05
1.08 0.06
1.08 0.07
1.08 0.08
1.09 0.01
1.09 0.02
1.09 0.03
1.09 0.04
1.09 0.05
1.09 0.06
1.09 0.07
1.09 0.08
1.1 0.01
1.1 0.02
1.1 0.03
1.1 0.04
1.1 0.05
1.1 0.06
1.1 0.07
1.1 0.08
1.11 0.01
1.11 0.02
1.11 0.03
1.11 0.04
1.11 0.05
1.11 0.06
1.11 0.07
1.11 0.08
1.12 0.01
1.12 0.02
1.12 0.03
1.12 0.04
1.12 0.05
1.12 0.06
1.12 0.07
1.12 0.08
1.13 0.01
1.13 0.02
1.13 0.03
1.13 0.04
1.13 0.05
1.13 0.06
1.13 0.07
1.13 0.08
1.14 0.01
1.14 0.02
1.14 0.03
1.14 0.04
1.14 0.05
1.14 0.06
1.14 0.07
1.14 0.08
1.15 0.01
1.15 0.02
1.15 0.03
1.15 0.04
1.15 0.05
1.15 0.06
1.15 0.07
1.15 0.08
1.16 0.01
1.16 0.02
1.16 0.03
1.16 0.04
1.16 0.05
1.16 0.06
1.16 0.07
1.16 0.08
1.17 0.01
1.17 0.02
1.17 0.03
1.17 0.04
1.17 0.05
1.17 0.06
1.17 0.07
1.17 0.08
1.18 0.01
1.18 0.02
1.18 0.03
1.18 0.04
1.18 0.05
1.18 0.06
1.18 0.07
1.18 0.08
1.19 0.01
1.19 0.02
1.19 0.03
1.19 0.04
1.19 0.05
1.19 0.06
1.19 0.07
1.19 0.08
1.2 0.01
1.2 0.02
1.2 0.03
1.2 0.04
1.2 0.05
1.2 0.06
1.2 0.07
1.2 0.08
1.2 0.09
1.21 0.01
1.21 0.02
1.21 0.03
1.21 0.04
1.21 0.05
1.21 0.06
1.21 0.07
1.21 0.08
1.21 0.09
1.22 0.01
1.22 0.02
1.22 0.03
1.22 0.04
1.22 0.05
1.22 0.06
1.22 0.07
1.22 0.08
1.22 0.09
1.23 0.01
1.23 0.02
1.23 0.03
1.23 0.04
1.23 0.05
1.23 0.06
1.23 0.07
1.23 0.08
1.23 0.09
1.24 0.01
1.24 0.02
1.24 0.03
1.24 0.04
1.24 0.05
1.24 0.06
1.24 0.07
1.24 0.08
1.24 0.09
1.25 0.01
1.25 0.02
1.25 0.03
1.25 0.04
1.25 0.05
1.25 0.06
1.25 0.07
1.25 0.08
1.25 0.09
1.26 0.01
1.26 0.02
1.26 0.03
1.26 0.04
1.26 0.05
1.26 0.06
1.26 0.07
1.26 0.08
1.26 0.09
1.27 0.01
1.27 0.02
1.27 0.03
1.27 0.04
1.27 0.05
1.27 0.06
1.27 0.07
1.27 0.08
1.27 0.09
1.28 0.01
1.28 0.02
1.28 0.03
1.28 0.04
1.28 0.05
1.28 0.06
1.28 0.07
1.28 0.08
1.28 0.09
1.29 0.01
1.29 0.02
1.29 0.03
1.29 0.04
1.29 0.05
1.29 0.06
1.29 0.07
1.29 0.08
1.29 0.09
1.3 0.01
1.3 0.02
1.3 0.03
1.3 0.04
1.3 0.05
1.3 0.06
1.3 0.07
1.3 0.08
1.3 0.09
1.31 0.01
1.31 0.02
1.31 0.03
1.31 0.04
1.31 0.05
1.31 0.06
1.31 0.07
1.31 0.08
1.31 0.09
1.32 0.01
1.32 0.02
1.32 0.03
1.32 0.04
1.32 0.05
1.32 0.06
1.32 0.07
1.32 0.08
1.32 0.09
1.33 0.01
1.33 0.02
1.33 0.03
1.33 0.04
1.33 0.05
1.33 0.06
1.33 0.07
1.33 0.08
1.33 0.09
1.33 0.1
1.34 0.01
1.34 0.02
1.34 0.03
1.34 0.04
1.34 0.05
1.34 0.06
1.34 0.07
1.34 0.08
1.34 0.09
1.34 0.1
1.35 0.01
1.35 0.02
1.35 0.03
1.35 0.04
1.35 0.05
1.35 0.06
1.35 0.07
1.35 0.08
1.35 0.09
1.35 0.1
1.36 0.01
1.36 0.02
1.36 0.03
1.36 0.04
1.36 0.05
1.36 0.06
1.36 0.07
1.36 0.08
1.36 0.09
1.36 0.1
1.37 0.01
1.37 0.02
1.37 0.03
1.37 0.04
1.37 0.05
1.37 0.06
1.37 0.07
1.37 0.08
1.37 0.09
1.37 0.1
1.38 0.01
1.38 0.02
1.38 0.03
1.38 0.04
1.38 0.05
1.38 0.06
1.38 0.07
1.38 0.08
1.38 0.09
1.38 0.1
1.39 0.01
1.39 0.02
1.39 0.03
1.39 0.04
1.39 0.05
1.39 0.06
1.39 0.07
1.39 0.08
1.39 0.09
1.39 0.1
1.4 0.01
1.4 0.02
1.4 0.03
1.4 0.04
1.4 0.05
1.4 0.06
1.4 0.07
1.4 0.08
1.4 0.09
1.4 0.1
1.41 0.01
1.41 0.02
1.41 0.03
1.41 0.04
1.41 0.05
1.41 0.06
1.41 0.07
1.41 0.08
1.41 0.09
1.41 0.1
1.42 0.01
1.42 0.02
1.42 0.03
1.42 0.04
1.42 0.05
1.42 0.06
1.42 0.07
1.42 0.08
1.42 0.09
1.42 0.1
1.43 0.01
1.43 0.02
1.43 0.03
1.43 0.04
1.43 0.05
1.43 0.06
1.43 0.07
1.43 0.08
1.43 0.09
1.43 0.1
1.44 0.01
1.44 0.02
1.44 0.03
1.44 0.04
1.44 0.05
1.44 0.06
1.44 0.07
1.44 0.08
1.44 0.09
1.44 0.1
1.45 0.01
1.45 0.02
1.45 0.03
1.45 0.04
1.45 0.05
1.45 0.06
1.45 0.07
1.45 0.08
1.45 0.09
1.45 0.1
1.46 0.01
1.46 0.02
1.46 0.03
1.46 0.04
1.46 0.05
1.46 0.06
1.46 0.07
1.46 0.08
1.46 0.09
1.46 0.1
1.47 0.01
1.47 0.02
1.47 0.03
1.47 0.04
1.47 0.05
1.47 0.06
1.47 0.07
1.47 0.08
1.47 0.09
1.47 0.1
1.48 0.01
1.48 0.02
1.48 0.03
1.48 0.04
1.48 0.05
1.48 0.06
1.48 0.07
1.48 0.08
1.48 0.09
1.48 0.1
1.48 0.11
1.49 0.01
1.49 0.02
1.49 0.03
1.49 0.04
1.49 0.05
1.49 0.06
1.49 0.07
1.49 0.08
1.49 0.09
1.49 0.1
1.49 0.11
1.5 0.01
1.5 0.02
1.5 0.03
1.5 0.04
1.5 0.05
1.5 0.06
1.5 0.07
1.5 0.08
1.5 0.09
1.5 0.1
1.5 0.11
1.51 0.01
1.51 0.02
1.51 0.03
1.51 0.04
1.51 0.05
1.51 0.06
1.51 0.07
1.51 0.08
1.51 0.09
1.51 0.1
1.51 0.11
1.52 0.01
1.52 0.02
1.52 0.03
1.52 0.04
1.52 0.05
1.52 0.06
1.52 0.07
1.52 0.08
1.52 0.09
1.52 0.1
1.52 0.11
1.53 0.01
1.53 0.02
1.53 0.03
1.53 0.04
1.53 0.05
1.53 0.06
1.53 0.07
1.53 0.08
1.53 0.09
1.53 0.1
1.53 0.11
1.54 0.01
1.54 0.02
1.54 0.03
1.54 0.04
1.54 0.05
1.54 0.06
1.54 0.07
1.54 0.08
1.54 0.09
1.54 0.1
1.54 0.11
1.55 0.01
1.55 0.02
1.55 0.03
1.55 0.04
1.55 0.05
1.55 0.06
1.55 0.07
1.55 0.08
1.55 0.09
1.55 0.1
1.55 0.11
1.56 0.01
1.56 0.02
1.56 0.03
1.56 0.04
1.56 0.05
1.56 0.06
1.56 0.07
1.56 0.08
1.56 0.09
1.56 0.1
1.56 0.11
1.57 0.01
1.57 0.02
1.57 0.03
1.57 0.04
1.57 0.05
1.57 0.06
1.57 0.07
1.57 0.08
1.57 0.09
1.57 0.1
1.57 0.11
1.58 0.01
1.58 0.02
1.58 0.03
1.58 0.04
1.58 0.05
1.58 0.06
1.58 0.07
1.58 0.08
1.58 0.09
1.58 0.1
1.58 0.11
1.59 0.01
1.59 0.02
1.59 0.03
1.59 0.04
1.59 0.05
1.59 0.06
1.59 0.07
1.59 0.08
1.59 0.09
1.59 0.1
1.59 0.11
1.59 0.12
1.6 0.01
1.6 0.02
1.6 0.03
1.6 0.04
1.6 0.05
1.6 0.06
1.6 0.07
1.6 0.08
1.6 0.09
1.6 0.1
1.6 0.11
1.6 0.12
1.61 0.01
1.61 0.02
1.61 0.03
1.61 0.04
1.61 0.05
1.61 0.06
1.61 0.07
1.61 0.08
1.61 0.09
1.61 0.1
1.61 0.11
1.61 0.12
1.62 0.01
1.62 0.02
1.62 0.03
1.62 0.04
1.62 0.05
1.62 0.06
1.62 0.07
1.62 0.08
1.62 0.09
1.62 0.1
1.62 0.11
1.62 0.12
1.63 0.01
1.63 0.02
1.63 0.03
1.63 0.04
1.63 0.05
1.63 0.06
1.63 0.07
1.63 0.08
1.63 0.09
1.63 0.1
1.63 0.11
1.63 0.12
1.64 0.01
1.64 0.02
1.64 0.03
1.64 0.04
1.64 0.05
1.64 0.06
1.64 0.07
1.64 0.08
1.64 0.09
1.64 0.1
1.64 0.11
1.64 0.12
1.65 0.01
1.65 0.02
1.65 0.03
1.65 0.04
1.65 0.05
1.65 0.06
1.65 0.07
1.65 0.08
1.65 0.09
1.65 0.1
1.65 0.11
1.65 0.12
1.66 0.01
1.66 0.02
1.66 0.03
1.66 0.04
1.66 0.05
1.66 0.06
1.66 0.07
1.66 0.08
1.66 0.09
1.66 0.1
1.66 0.11
1.66 0.12
1.67 0.01
1.67 0.02
1.67 0.03
1.67 0.04
1.67 0.05
1.67 0.06
1.67 0.07
1.67 0.08
1.67 0.09
1.67 0.1
1.67 0.11
1.67 0.12
1.68 0.01
1.68 0.02
1.68 0.03
1.68 0.04
1.68 0.05
1.68 0.06
1.68 0.07
1.68 0.08
1.68 0.09
1.68 0.1
1.68 0.11
1.68 0.12
1.69 0.01
1.69 0.02
1.69 0.03
1.69 0.04
1.69 0.05
1.69 0.06
1.69 0.07
1.69 0.08
1.69 0.09
1.69 0.1
1.69 0.11
1.69 0.12
1.7 0.01
1.7 0.02
1.7 0.03
1.7 0.04
1.7 0.05
1.7 0.06
1.7 0.07
1.7 0.08
1.7 0.09
1.7 0.1
1.7 0.11
1.7 0.12
1.71 0.01
1.71 0.02
1.71 0.03
1.71 0.04
1.71 0.05
1.71 0.06
1.71 0.07
1.71 0.08
1.71 0.09
1.71 0.1
1.71 0.11
1.71 0.12
1.72 0.01
1.72 0.02
1.72 0.03
1.72 0.04
1.72 0.05
1.72 0.06
1.72 0.07
1.72 0.08
1.72 0.09
1.72 0.1
1.72 0.11
1.72 0.12
1.73 0.01
1.73 0.02
1.73 0.03
1.73 0.04
1.73 0.05
1.73 0.06
1.73 0.07
1.73 0.08
1.73 0.09
1.73 0.1
1.73 0.11
1.73 0.12
1.74 0.01
1.74 0.02
1.74 0.03
1.74 0.04
1.74 0.05
1.74 0.06
1.74 0.07
1.74 0.08
1.74 0.09
1.74 0.1
1.74 0.11
1.74 0.12
1.74 0.13
1.75 0.01
1.75 0.02
1.75 0.03
1.75 0.04
1.75 0.05
1.75 0.06
1.75 0.07
1.75 0.08
1.75 0.09
1.75 0.1
1.75 0.11
1.75 0.12
1.75 0.13
1.76 0.01
1.76 0.02
1.76 0.03
1.76 0.04
1.76 0.05
1.76 0.06
1.76 0.07
1.76 0.08
1.76 0.09
1.76 0.1
1.76 0.11
1.76 0.12
1.76 0.13
1.77 0.01
1.77 0.02
1.77 0.03
1.77 0.04
1.77 0.05
1.77 0.06
1.77 0.07
1.77 0.08
1.77 0.09
1.77 0.1
1.77 0.11
1.77 0.12
1.77 0.13
1.78 0.01
1.78 0.02
1.78 0.03
1.78 0.04
1.78 0.05
1.78 0.06
1.78 0.07
1.78 0.08
1.78 0.09
1.78 0.1
1.78 0.11
1.78 0.12
1.78 0.13
1.79 0.01
1.79 0.02
1.79 0.03
1.79 0.04
1.79 0.05
1.79 0.06
1.79 0.07
1.79 0.08
1.79 0.09
1.79 0.1
1.79 0.11
1.79 0.12
1.79 0.13
1.8 0.01
1.8 0.02
1.8 0.03
1.8 0.04
1.8 0.05
1.8 0.06
1.8 0.07
1.8 0.08
1.8 0.09
1.8 0.1
1.8 0.11
1.8 0.12
1.8 0.13
1.81 0.01
1.81 0.02
1.81 0.03
1.81 0.04
1.81 0.05
1.81 0.06
1.81 0.07
1.81 0.08
1.81 0.09
1.81 0.1
1.81 0.11
1.81 0.12
1.81 0.13
1.82 0.01
1.82 0.02
1.82 0.03
1.82 0.04
1.82 0.05
1.82 0.06
1.82 0.07
1.82 0.08
1.82 0.09
1.82 0.1
1.82 0.11
1.82 0.12
1.82 0.13
1.83 0.01
1.83 0.02
1.83 0.03
1.83 0.04
1.83 0.05
1.83 0.06
1.83 0.07
1.83 0.08
1.83 0.09
1.83 0.1
1.83 0.11
1.83 0.12
1.83 0.13
1.84 0.01
1.84 0.02
1.84 0.03
1.84 0.04
1.84 0.05
1.84 0.06
1.84 0.07
1.84 0.08
1.84 0.09
1.84 0.1
1.84 0.11
1.84 0.12
1.84 0.13
1.85 0.01
1.85 0.02
1.85 0.03
1.85 0.04
1.85 0.05
1.85 0.06
1.85 0.07
1.85 0.08
1.85 0.09
1.85 0.1
1.85 0.11
1.85 0.12
1.85 0.13
1.86 0.01
1.86 0.02
1.86 0.03
1.86 0.04
1.86 0.05
1.86 0.06
1.86 0.07
1.86 0.08
1.86 0.09
1.86 0.1
1.86 0.11
1.86 0.12
1.86 0.13
1.87 0.01
1.87 0.02
1.87 0.03
1.87 0.04
1.87 0.05
1.87 0.06
1.87 0.07
1.87 0.08
1.87 0.09
1.87 0.1
1.87 0.11
1.87 0.12
1.87 0.13
1.88 0.01
1.88 0.02
1.88 0.03
1.88 0.04
1.88 0.05
1.88 0.06
1.88 0.07
1.88 0.08
1.88 0.09
1.88 0.1
1.88 0.11
1.88 0.12
1.88 0.13
1.88 0.14
1.89 0.01
1.89 0.02
1.89 0.03
1.89 0.04
1.89 0.05
1.89 0.06
1.89 0.07
1.89 0.08
1.89 0.09
1.89 0.1
1.89 0.11
1.89 0.12
1.89 0.13
1.89 0.14
1.9 0.01
1.9 0.02
1.9 0.03
1.9 0.04
1.9 0.05
1.9 0.06
1.9 0.07
1.9 0.08
1.9 0.09
1.9 0.1
1.9 0.11
1.9 0.12
1.9 0.13
1.9 0.14
1.91 0.01
1.91 0.02
1.91 0.03
1.91 0.04
1.91 0.05
1.91 0.06
1.91 0.07
1.91 0.08
1.91 0.09
1.91 0.1
1.91 0.11
1.91 0.12
1.91 0.13
1.91 0.14
1.92 0.01
1.92 0.02
1.92 0.03
1.92 0.04
1.92 0.05
1.92 0.06
1.92 0.07
1.92 0.08
1.92 0.09
1.92 0.1
1.92 0.11
1.92 0.12
1.92 0.13
1.92 0.14
1.93 0.01
1.93 0.02
1.93 0.03
1.93 0.04
1.93 0.05
1.93 0.06
1.93 0.07
1.93 0.08
1.93 0.09
1.93 0.1
1.93 0.11
1.93 0.12
1.93 0.13
1.93 0.14
1.94 0.01
1.94 0.02
1.94 0.03
1.94 0.04
1.94 0.05
1.94 0.06
1.94 0.07
1.94 0.08
1.94 0.09
1.94 0.1
1.94 0.11
1.94 0.12
1.94 0.13
1.94 0.14
1.95 0.01
1.95 0.02
1.95 0.03
1.95 0.04
1.95 0.05
1.95 0.06
1.95 0.07
1.95 0.08
1.95 0.09
1.95 0.1
1.95 0.11
1.95 0.12
1.95 0.13
1.95 0.14
1.96 0.01
1.96 0.02
1.96 0.03
1.96 0.04
1.96 0.05
1.96 0.06
1.96 0.07
1.96 0.08
1.96 0.09
1.96 0.1
1.96 0.11
1.96 0.12
1.96 0.13
1.96 0.14
1.97 0.01
1.97 0.02
1.97 0.03
1.97 0.04
1.97 0.05
1.97 0.06
1.97 0.07
1.97 0.08
1.97 0.09
1.97 0.1
1.97 0.11
1.97 0.12
1.97 0.13
1.97 0.14
1.98 0.01
1.98 0.02
1.98 0.03
1.98 0.04
1.98 0.05
1.98 0.06
1.98 0.07
1.98 0.08
1.98 0.09
1.98 0.1
1.98 0.11
1.98 0.12
1.98 0.13
1.98 0.14
1.99 0.01
1.99 0.02
1.99 0.03
1.99 0.04
1.99 0.05
1.99 0.06
1.99 0.07
1.99 0.08
1.99 0.09
1.99 0.1
1.99 0.11
1.99 0.12
1.99 0.13
1.99 0.14
1.99 0.15
2 0.01
2 0.02
2 0.03
2 0.04
2 0.05
2 0.06
2 0.07
2 0.08
2 0.09
2 0.1
2 0.11
2 0.12
2 0.13
2 0.14
2 0.15
2.01 0.01
2.01 0.02
2.01 0.03
2.01 0.04
2.01 0.05
2.01 0.06
2.01 0.07
2.01 0.08
2.01 0.09
2.01 0.1
2.01 0.11
2.01 0.12
2.01 0.13
2.01 0.14
2.01 0.15
2.02 0.01
2.02 0.02
2.02 0.03
2.02 0.04
2.02 0.05
2.02 0.06
2.02 0.07
2.02 0.08
2.02 0.09
2.02 0.1
2.02 0.11
2.02 0.12
2.02 0.13
2.02 0.14
2.02 0.15
2.03 0.01
2.03 0.02
2.03 0.03
2.03 0.04
2.03 0.05
2.03 0.06
2.03 0.07
2.03 0.08
2.03 0.09
2.03 0.1
2.03 0.11
2.03 0.12
2.03 0.13
2.03 0.14
2.03 0.15
2.04 0.01
2.04 0.02
2.04 0.03
2.04 0.04
2.04 0.05
2.04 0.06
2.04 0.07
2.04 0.08
2.04 0.09
2.04 0.1
2.04 0.11
2.04 0.12
2.04 0.13
2.04 0.14
2.04 0.15
2.05 0.01
2.05 0.02
2.05 0.03
2.05 0.04
2.05 0.05
2.05 0.06
2.05 0.07
2.05 0.08
2.05 0.09
2.05 0.1
2.05 0.11
2.05 0.12
2.05 0.13
2.05 0.14
2.05 0.15
2.06 0.01
2.06 0.02
2.06 0.03
2.06 0.04
2.06 0.05
2.06 0.06
2.06 0.07
2.06 0.08
2.06 0.09
2.06 0.1
2.06 0.11
2.06 0.12
2.06 0.13
2.06 0.14
2.06 0.15
2.07 0.01
2.07 0.02
2.07 0.03
2.07 0.04
2.07 0.05
2.07 0.06
2.07 0.07
2.07 0.08
2.07 0.09
2.07 0.1
2.07 0.11
2.07 0.12
2.07 0.13
2.07 0.14
2.07 0.15
2.08 0.01
2.08 0.02
2.08 0.03
2.08 0.04
2.08 0.05
2.08 0.06
2.08 0.07
2.08 0.08
2.08 0.09
2.08 0.1
2.08 0.11
2.08 0.12
2.08 0.13
2.08 0.14
2.08 0.15
2.09 0.01
2.09 0.02
2.09 0.03
2.09 0.04
2.09 0.05
2.09 0.06
2.09 0.07
2.09 0.08
2.09 0.09
2.09 0.1
2.09 0.11
2.09 0.12
2.09 0.13
2.09 0.14
2.09 0.15
2.1 0.01
2.1 0.02
2.1 0.03
2.1 0.04
2.1 0.05
2.1 0.06
2.1 0.07
2.1 0.08
2.1 0.09
2.1 0.1
2.1 0.11
2.1 0.12
2.1 0.13
2.1 0.14
2.1 0.15
2.11 0.01
2.11 0.02
2.11 0.03
2.11 0.04
2.11 0.05
2.11 0.06
2.11 0.07
2.11 0.08
2.11 0.09
2.11 0.1
2.11 0.11
2.11 0.12
2.11 0.13
2.11 0.14
2.11 0.15
2.12 0.01
2.12 0.02
2.12 0.03
2.12 0.04
2.12 0.05
2.12 0.06
2.12 0.07
2.12 0.08
2.12 0.09
2.12 0.1
2.12 0.11
2.12 0.12
2.12 0.13
2.12 0.14
2.12 0.15
2.12 0.16
2.13 0.01
2.13 0.02
2.13 0.03
2.13 0.04
2.13 0.05
2.13 0.06
2.13 0.07
2.13 0.08
2.13 0.09
2.13 0.1
2.13 0.11
2.13 0.12
2.13 0.13
2.13 0.14
2.13 0.15
2.14 0.01
2.14 0.02
2.14 0.03
2.14 0.04
2.14 0.05
2.14 0.06
2.14 0.07
2.14 0.08
2.14 0.09
2.14 0.1
2.14 0.11
2.14 0.12
2.14 0.13
2.14 0.14
2.14 0.15
2.15 0.01
2.15 0.02
2.15 0.03
2.15 0.04
2.15 0.05
2.15 0.06
2.15 0.07
2.15 0.08
2.15 0.09
2.15 0.1
2.15 0.11
2.15 0.12
2.15 0.13
2.15 0.14
2.15 0.15
2.15 0.16
2.16 0.01
2.16 0.02
2.16 0.03
2.16 0.04
2.16 0.05
2.16 0.06
2.16 0.07
2.16 0.08
2.16 0.09
2.16 0.1
2.16 0.11
2.16 0.12
2.16 0.13
2.16 0.14
2.16 0.15
2.16 0.16
2.17 0.01
2.17 0.02
2.17 0.03
2.17 0.04
2.17 0.05
2.17 0.06
2.17 0.07
2.17 0.08
2.17 0.09
2.17 0.1
2.17 0.11
2.17 0.12
2.17 0.13
2.17 0.14
2.17 0.15
2.17 0.16
2.18 0.01
2.18 0.02
2.18 0.03
2.18 0.04
2.18 0.05
2.18 0.06
2.18 0.07
2.18 0.08
2.18 0.09
2.18 0.1
2.18 0.11
2.18 0.12
2.18 0.13
2.18 0.14
2.18 0.15
2.18 0.16
2.19 0.01
2.19 0.02
2.19 0.03
2.19 0.04
2.19 0.05
2.19 0.06
2.19 0.07
2.19 0.08
2.19 0.09
2.19 0.1
2.19 0.11
2.19 0.12
2.19 0.13
2.19 0.14
2.19 0.15
2.19 0.16
2.2 0.01
2.2 0.02
2.2 0.03
2.2 0.04
2.2 0.05
2.2 0.06
2.2 0.07
2.2 0.08
2.2 0.09
2.2 0.1
2.2 0.11
2.2 0.12
2.2 0.13
2.2 0.14
2.2 0.15
2.2 0.16
2.21 0.01
2.21 0.02
2.21 0.03
2.21 0.04
2.21 0.05
2.21 0.06
2.21 0.07
2.21 0.08
2.21 0.09
2.21 0.1
2.21 0.11
2.21 0.12
2.21 0.13
2.21 0.14
2.21 0.15
2.21 0.16
2.22 0.01
2.22 0.02
2.22 0.03
2.22 0.04
2.22 0.05
2.22 0.06
2.22 0.07
2.22 0.08
2.22 0.09
2.22 0.1
2.22 0.11
2.22 0.12
2.22 0.13
2.22 0.14
2.22 0.15
2.22 0.16
2.23 0.01
2.23 0.02
2.23 0.03
2.23 0.04
2.23 0.05
2.23 0.06
2.23 0.07
2.23 0.08
2.23 0.09
2.23 0.1
2.23 0.11
2.23 0.12
2.23 0.13
2.23 0.14
2.23 0.15
2.23 0.16
2.24 0.01
2.24 0.02
2.24 0.03
2.24 0.04
2.24 0.05
2.24 0.06
2.24 0.07
2.24 0.08
2.24 0.09
2.24 0.1
2.24 0.11
2.24 0.12
2.24 0.13
2.24 0.14
2.24 0.15
2.24 0.16
2.25 0.01
2.25 0.02
2.25 0.03
2.25 0.04
2.25 0.05
2.25 0.06
2.25 0.07
2.25 0.08
2.25 0.09
2.25 0.1
2.25 0.11
2.25 0.12
2.25 0.13
2.25 0.14
2.25 0.15
2.25 0.16
2.26 0.01
2.26 0.02
2.26 0.03
2.26 0.04
2.26 0.05
2.26 0.06
2.26 0.07
2.26 0.08
2.26 0.09
2.26 0.1
2.26 0.11
2.26 0.12
2.26 0.13
2.26 0.14
2.26 0.15
2.26 0.16
2.27 0.01
2.27 0.02
2.27 0.03
2.27 0.04
2.27 0.05
2.27 0.06
2.27 0.07
2.27 0.08
2.27 0.09
2.27 0.1
2.27 0.11
2.27 0.12
2.27 0.13
2.27 0.14
2.27 0.15
2.27 0.16
2.27 0.17
2.28 0.01
2.28 0.02
2.28 0.03
2.28 0.04
2.28 0.05
2.28 0.06
2.28 0.07
2.28 0.08
2.28 0.09
2.28 0.1
2.28 0.11
2.28 0.12
2.28 0.13
2.28 0.14
2.28 0.15
2.28 0.16
2.28 0.17
2.29 0.01
2.29 0.02
2.29 0.03
2.29 0.04
2.29 0.05
2.29 0.06
2.29 0.07
2.29 0.08
2.29 0.09
2.29 0.1
2.29 0.11
2.29 0.12
2.29 0.13
2.29 0.14
2.29 0.15
2.29 0.16
2.29 0.17
2.3 0.01
2.3 0.02
2.3 0.03
2.3 0.04
2.3 0.05
2.3 0.06
2.3 0.07
2.3 0.08
2.3 0.09
2.3 0.1
2.3 0.11
2.3 0.12
2.3 0.13
2.3 0.14
2.3 0.15
2.3 0.16
2.3 0.17
2.31 0.01
2.31 0.02
2.31 0.03
2.31 0.04
2.31 0.05
2.31 0.06
2.31 0.07
2.31 0.08
2.31 0.09
2.31 0.1
2.31 0.11
2.31 0.12
2.31 0.13
2.31 0.14
2.31 0.15
2.31 0.16
2.31 0.17
2.32 0.01
2.32 0.02
2.32 0.03
2.32 0.04
2.32 0.05
2.32 0.06
2.32 0.07
2.32 0.08
2.32 0.09
2.32 0.1
2.32 0.11
2.32 0.12
2.32 0.13
2.32 0.14
2.32 0.15
2.32 0.16
2.32 0.17
2.33 0.01
2.33 0.02
2.33 0.03
2.33 0.04
2.33 0.05
2.33 0.06
2.33 0.07
2.33 0.08
2.33 0.09
2.33 0.1
2.33 0.11
2.33 0.12
2.33 0.13
2.33 0.14
2.33 0.15
2.33 0.16
2.33 0.17
2.34 0.01
2.34 0.02
2.34 0.03
2.34 0.04
2.34 0.05
2.34 0.06
2.34 0.07
2.34 0.08
2.34 0.09
2.34 0.1
2.34 0.11
2.34 0.12
2.34 0.13
2.34 0.14
2.34 0.15
2.34 0.16
2.34 0.17
2.35 0.01
2.35 0.02
2.35 0.03
2.35 0.04
2.35 0.05
2.35 0.06
2.35 0.07
2.35 0.08
2.35 0.09
2.35 0.1
2.35 0.11
2.35 0.12
2.35 0.13
2.35 0.14
2.35 0.15
2.35 0.16
2.35 0.17
2.36 0.01
2.36 0.02
2.36 0.03
2.36 0.04
2.36 0.05
2.36 0.06
2.36 0.07
2.36 0.08
2.36 0.09
2.36 0.1
2.36 0.11
2.36 0.12
2.36 0.13
2.36 0.14
2.36 0.15
2.36 0.16
2.36 0.17
2.37 0.01
2.37 0.02
2.37 0.03
2.37 0.04
2.37 0.05
2.37 0.06
2.37 0.07
2.37 0.08
2.37 0.09
2.37 0.1
2.37 0.11
2.37 0.12
2.37 0.13
2.37 0.14
2.37 0.15
2.37 0.16
2.37 0.17
2.38 0.01
2.38 0.02
2.38 0.03
2.38 0.04
2.38 0.05
2.38 0.06
2.38 0.07
2.38 0.08
2.38 0.09
2.38 0.1
2.38 0.11
2.38 0.12
2.38 0.13
2.38 0.14
2.38 0.15
2.38 0.16
2.38 0.17
2.39 0.01
2.39 0.02
2.39 0.03
2.39 0.04
2.39 0.05
2.39 0.06
2.39 0.07
2.39 0.08
2.39 0.09
2.39 0.1
2.39 0.11
2.39 0.12
2.39 0.13
2.39 0.14
2.39 0.15
2.39 0.16
2.39 0.17
2.39 0.18
2.4 0.01
2.4 0.02
2.4 0.03
2.4 0.04
2.4 0.05
2.4 0.06
2.4 0.07
2.4 0.08
2.4 0.09
2.4 0.1
2.4 0.11
2.4 0.12
2.4 0.13
2.4 0.14
2.4 0.15
2.4 0.16
2.4 0.17
2.4 0.18
2.41 0.01
2.41 0.02
2.41 0.03
2.41 0.04
2.41 0.05
2.41 0.06
2.41 0.07
2.41 0.08
2.41 0.09
2.41 0.1
2.41 0.11
2.41 0.12
2.41 0.13
2.41 0.14
2.41 0.15
2.41 0.16
2.41 0.17
2.42 0.01
2.42 0.02
2.42 0.03
2.42 0.04
2.42 0.05
2.42 0.06
2.42 0.07
2.42 0.08
2.42 0.09
2.42 0.1
2.42 0.11
2.42 0.12
2.42 0.13
2.42 0.14
2.42 0.15
2.42 0.16
2.42 0.17
2.42 0.18
2.43 0.01
2.43 0.02
2.43 0.03
2.43 0.04
2.43 0.05
2.43 0.06
2.43 0.07
2.43 0.08
2.43 0.09
2.43 0.1
2.43 0.11
2.43 0.12
2.43 0.13
2.43 0.14
2.43 0.15
2.43 0.16
2.43 0.17
2.43 0.18
2.44 0.01
2.44 0.02
2.44 0.03
2.44 0.04
2.44 0.05
2.44 0.06
2.44 0.07
2.44 0.08
2.44 0.09
2.44 0.1
2.44 0.11
2.44 0.12
2.44 0.13
2.44 0.14
2.44 0.15
2.44 0.16
2.44 0.17
2.44 0.18
2.45 0.01
2.45 0.02
2.45 0.03
2.45 0.04
2.45 0.05
2.45 0.06
2.45 0.07
2.45 0.08
2.45 0.09
2.45 0.1
2.45 0.11
2.45 0.12
2.45 0.13
2.45 0.14
2.45 0.15
2.45 0.16
2.45 0.17
2.45 0.18
2.46 0.01
2.46 0.02
2.46 0.03
2.46 0.04
2.46 0.05
2.46 0.06
2.46 0.07
2.46 0.08
2.46 0.09
2.46 0.1
2.46 0.11
2.46 0.12
2.46 0.13
2.46 0.14
2.46 0.15
2.46 0.16
2.46 0.17
2.46 0.18
2.47 0.01
2.47 0.02
2.47 0.03
2.47 0.04
2.47 0.05
2.47 0.06
2.47 0.07
2.47 0.08
2.47 0.09
2.47 0.1
2.47 0.11
2.47 0.12
2.47 0.13
2.47 0.14
2.47 0.15
2.47 0.16
2.47 0.17
2.47 0.18
2.48 0.01
2.48 0.02
2.48 0.03
2.48 0.04
2.48 0.05
2.48 0.06
2.48 0.07
2.48 0.08
2.48 0.09
2.48 0.1
2.48 0.11
2.48 0.12
2.48 0.13
2.48 0.14
2.48 0.15
2.48 0.16
2.48 0.17
2.48 0.18
2.49 0.01
2.49 0.02
2.49 0.03
2.49 0.04
2.49 0.05
2.49 0.06
2.49 0.07
2.49 0.08
2.49 0.09
2.49 0.1
2.49 0.11
2.49 0.12
2.49 0.13
2.49 0.14
2.49 0.15
2.49 0.16
2.49 0.17
2.49 0.18
2.5 0.01
2.5 0.02
2.5 0.03
2.5 0.04
2.5 0.05
2.5 0.06
2.5 0.07
2.5 0.08
2.5 0.09
2.5 0.1
2.5 0.11
2.5 0.12
2.5 0.13
2.5 0.14
2.5 0.15
2.5 0.16
2.5 0.17
2.5 0.18
2.51 0.01
2.51 0.02
2.51 0.03
2.51 0.04
2.51 0.05
2.51 0.06
2.51 0.07
2.51 0.08
2.51 0.09
2.51 0.1
2.51 0.11
2.51 0.12
2.51 0.13
2.51 0.14
2.51 0.15
2.51 0.16
2.51 0.17
2.51 0.18
2.52 0.01
2.52 0.02
2.52 0.03
2.52 0.04
2.52 0.05
2.52 0.06
2.52 0.07
2.52 0.08
2.52 0.09
2.52 0.1
2.52 0.11
2.52 0.12
2.52 0.13
2.52 0.14
2.52 0.15
2.52 0.16
2.52 0.17
2.52 0.18
2.52 0.19
2.53 0.01
2.53 0.02
2.53 0.03
2.53 0.04
2.53 0.05
2.53 0.06
2.53 0.07
2.53 0.08
2.53 0.09
2.53 0.1
2.53 0.11
2.53 0.12
2.53 0.13
2.53 0.14
2.53 0.15
2.53 0.16
2.53 0.17
2.53 0.18
2.53 0.19
2.54 0.01
2.54 0.02
2.54 0.03
2.54 0.04
2.54 0.05
2.54 0.06
2.54 0.07
2.54 0.08
2.54 0.09
2.54 0.1
2.54 0.11
2.54 0.12
2.54 0.13
2.54 0.14
2.54 0.15
2.54 0.16
2.54 0.17
2.54 0.18
2.55 0.01
2.55 0.02
2.55 0.03
2.55 0.04
2.55 0.05
2.55 0.06
2.55 0.07
2.55 0.08
2.55 0.09
2.55 0.1
2.55 0.11
2.55 0.12
2.55 0.13
2.55 0.14
2.55 0.15
2.55 0.16
2.55 0.17
2.55 0.18
2.55 0.19
2.56 0.01
2.56 0.02
2.56 0.03
2.56 0.04
2.56 0.05
2.56 0.06
2.56 0.07
2.56 0.08
2.56 0.09
2.56 0.1
2.56 0.11
2.56 0.12
2.56 0.13
2.56 0.14
2.56 0.15
2.56 0.16
2.56 0.17
2.56 0.18
2.56 0.19
2.57 0.01
2.57 0.02
2.57 0.03
2.57 0.04
2.57 0.05
2.57 0.06
2.57 0.07
2.57 0.08
2.57 0.09
2.57 0.1
2.57 0.11
2.57 0.12
2.57 0.13
2.57 0.14
2.57 0.15
2.57 0.16
2.57 0.17
2.57 0.18
2.57 0.19
2.58 0.01
2.58 0.02
2.58 0.03
2.58 0.04
2.58 0.05
2.58 0.06
2.58 0.07
2.58 0.08
2.58 0.09
2.58 0.1
2.58 0.11
2.58 0.12
2.58 0.13
2.58 0.14
2.58 0.15
2.58 0.16
2.58 0.17
2.58 0.18
2.58 0.19
2.59 0.01
2.59 0.02
2.59 0.03
2.59 0.04
2.59 0.05
2.59 0.06
2.59 0.07
2.59 0.08
2.59 0.09
2.59 0.1
2.59 0.11
2.59 0.12
2.59 0.13
2.59 0.14
2.59 0.15
2.59 0.16
2.59 0.17
2.59 0.18
2.59 0.19
2.6 0.01
2.6 0.02
2.6 0.03
2.6 0.04
2.6 0.05
2.6 0.06
2.6 0.07
2.6 0.08
2.6 0.09
2.6 0.1
2.6 0.11
2.6 0.12
2.6 0.13
2.6 0.14
2.6 0.15
2.6 0.16
2.6 0.17
2.6 0.18
2.6 0.19
2.61 0.01
2.61 0.02
2.61 0.03
2.61 0.04
2.61 0.05
2.61 0.06
2.61 0.07
2.61 0.08
2.61 0.09
2.61 0.1
2.61 0.11
2.61 0.12
2.61 0.13
2.61 0.14
2.61 0.15
2.61 0.16
2.61 0.17
2.61 0.18
2.61 0.19
2.62 0.01
2.62 0.02
2.62 0.03
2.62 0.04
2.62 0.05
2.62 0.06
2.62 0.07
2.62 0.08
2.62 0.09
2.62 0.1
2.62 0.11
2.62 0.12
2.62 0.13
2.62 0.14
2.62 0.15
2.62 0.16
2.62 0.17
2.62 0.18
2.62 0.19
2.63 0.01
2.63 0.02
2.63 0.03
2.63 0.04
2.63 0.05
2.63 0.06
2.63 0.07
2.63 0.08
2.63 0.09
2.63 0.1
2.63 0.11
2.63 0.12
2.63 0.13
2.63 0.14
2.63 0.15
2.63 0.16
2.63 0.17
2.63 0.18
2.63 0.19
2.64 0.01
2.64 0.02
2.64 0.03
2.64 0.04
2.64 0.05
2.64 0.06
2.64 0.07
2.64 0.08
2.64 0.09
2.64 0.1
2.64 0.11
2.64 0.12
2.64 0.13
2.64 0.14
2.64 0.15
2.64 0.16
2.64 0.17
2.64 0.18
2.64 0.19
2.65 0.01
2.65 0.02
2.65 0.03
2.65 0.04
2.65 0.05
2.65 0.06
2.65 0.07
2.65 0.08
2.65 0.09
2.65 0.1
2.65 0.11
2.65 0.12
2.65 0.13
2.65 0.14
2.65 0.15
2.65 0.16
2.65 0.17
2.65 0.18
2.65 0.19
2.65 0.2
2.66 0.01
2.66 0.02
2.66 0.03
2.66 0.04
2.66 0.05
2.66 0.06
2.66 0.07
2.66 0.08
2.66 0.09
2.66 0.1
2.66 0.11
2.66 0.12
2.66 0.13
2.66 0.14
2.66 0.15
2.66 0.16
2.66 0.17
2.66 0.18
2.66 0.19
2.66 0.2
2.67 0.01
2.67 0.02
2.67 0.03
2.67 0.04
2.67 0.05
2.67 0.06
2.67 0.07
2.67 0.08
2.67 0.09
2.67 0.1
2.67 0.11
2.67 0.12
2.67 0.13
2.67 0.14
2.67 0.15
2.67 0.16
2.67 0.17
2.67 0.18
2.67 0.19
2.67 0.2
2.68 0.01
2.68 0.02
2.68 0.03
2.68 0.04
2.68 0.05
2.68 0.06
2.68 0.07
2.68 0.08
2.68 0.09
2.68 0.1
2.68 0.11
2.68 0.12
2.68 0.13
2.68 0.14
2.68 0.15
2.68 0.16
2.68 0.17
2.68 0.18
2.68 0.19
2.68 0.2
2.69 0.01
2.69 0.02
2.69 0.03
2.69 0.04
2.69 0.05
2.69 0.06
2.69 0.07
2.69 0.08
2.69 0.09
2.69 0.1
2.69 0.11
2.69 0.12
2.69 0.13
2.69 0.14
2.69 0.15
2.69 0.16
2.69 0.17
2.69 0.18
2.69 0.19
2.69 0.2
2.7 0.01
2.7 0.02
2.7 0.03
2.7 0.04
2.7 0.05
2.7 0.06
2.7 0.07
2.7 0.08
2.7 0.09
2.7 0.1
2.7 0.11
2.7 0.12
2.7 0.13
2.7 0.14
2.7 0.15
2.7 0.16
2.7 0.17
2.7 0.18
2.7 0.19
2.7 0.2
2.71 0.01
2.71 0.02
2.71 0.03
2.71 0.04
2.71 0.05
2.71 0.06
2.71 0.07
2.71 0.08
2.71 0.09
2.71 0.1
2.71 0.11
2.71 0.12
2.71 0.13
2.71 0.14
2.71 0.15
2.71 0.16
2.71 0.17
2.71 0.18
2.71 0.19
2.71 0.2
2.72 0.01
2.72 0.02
2.72 0.03
2.72 0.04
2.72 0.05
2.72 0.06
2.72 0.07
2.72 0.08
2.72 0.09
2.72 0.1
2.72 0.11
2.72 0.12
2.72 0.13
2.72 0.14
2.72 0.15
2.72 0.16
2.72 0.17
2.72 0.18
2.72 0.19
2.72 0.2
2.73 0.01
2.73 0.02
2.73 0.03
2.73 0.04
2.73 0.05
2.73 0.06
2.73 0.07
2.73 0.08
2.73 0.09
2.73 0.1
2.73 0.11
2.73 0.12
2.73 0.13
2.73 0.14
2.73 0.15
2.73 0.16
2.73 0.17
2.73 0.18
2.73 0.19
2.73 0.2
2.74 0.01
2.74 0.02
2.74 0.03
2.74 0.04
2.74 0.05
2.74 0.06
2.74 0.07
2.74 0.08
2.74 0.09
2.74 0.1
2.74 0.11
2.74 0.12
2.74 0.13
2.74 0.14
2.74 0.15
2.74 0.16
2.74 0.17
2.74 0.18
2.74 0.19
2.74 0.2
2.75 0.01
2.75 0.02
2.75 0.03
2.75 0.04
2.75 0.05
2.75 0.06
2.75 0.07
2.75 0.08
2.75 0.09
2.75 0.1
2.75 0.11
2.75 0.12
2.75 0.13
2.75 0.14
2.75 0.15
2.75 0.16
2.75 0.17
2.75 0.18
2.75 0.19
2.75 0.2
2.76 0.01
2.76 0.02
2.76 0.03
2.76 0.04
2.76 0.05
2.76 0.06
2.76 0.07
2.76 0.08
2.76 0.09
2.76 0.1
2.76 0.11
2.76 0.12
2.76 0.13
2.76 0.14
2.76 0.15
2.76 0.16
2.76 0.17
2.76 0.18
2.76 0.19
2.76 0.2
2.77 0.01
2.77 0.02
2.77 0.03
2.77 0.04
2.77 0.05
2.77 0.06
2.77 0.07
2.77 0.08
2.77 0.09
2.77 0.1
2.77 0.11
2.77 0.12
2.77 0.13
2.77 0.14
2.77 0.15
2.77 0.16
2.77 0.17
2.77 0.18
2.77 0.19
2.77 0.2
2.78 0.01
2.78 0.02
2.78 0.03
2.78 0.04
2.78 0.05
2.78 0.06
2.78 0.07
2.78 0.08
2.78 0.09
2.78 0.1
2.78 0.11
2.78 0.12
2.78 0.13
2.78 0.14
2.78 0.15
2.78 0.16
2.78 0.17
2.78 0.18
2.78 0.19
2.78 0.2
2.78 0.21
2.79 0.01
2.79 0.02
2.79 0.03
2.79 0.04
2.79 0.05
2.79 0.06
2.79 0.07
2.79 0.08
2.79 0.09
2.79 0.1
2.79 0.11
2.79 0.12
2.79 0.13
2.79 0.14
2.79 0.15
2.79 0.16
2.79 0.17
2.79 0.18
2.79 0.19
2.79 0.2
2.8 0.01
2.8 0.02
2.8 0.03
2.8 0.04
2.8 0.05
2.8 0.06
2.8 0.07
2.8 0.08
2.8 0.09
2.8 0.1
2.8 0.11
2.8 0.12
2.8 0.13
2.8 0.14
2.8 0.15
2.8 0.16
2.8 0.17
2.8 0.18
2.8 0.19
2.8 0.2
2.8 0.21
2.81 0.01
2.81 0.02
2.81 0.03
2.81 0.04
2.81 0.05
2.81 0.06
2.81 0.07
2.81 0.08
2.81 0.09
2.81 0.1
2.81 0.11
2.81 0.12
2.81 0.13
2.81 0.14
2.81 0.15
2.81 0.16
2.81 0.17
2.81 0.18
2.81 0.19
2.81 0.2
2.81 0.21
2.82 0.01
2.82 0.02
2.82 0.03
2.82 0.04
2.82 0.05
2.82 0.06
2.82 0.07
2.82 0.08
2.82 0.09
2.82 0.1
2.82 0.11
2.82 0.12
2.82 0.13
2.82 0.14
2.82 0.15
2.82 0.16
2.82 0.17
2.82 0.18
2.82 0.19
2.82 0.2
2.82 0.21
2.83 0.01
2.83 0.02
2.83 0.03
2.83 0.04
2.83 0.05
2.83 0.06
2.83 0.07
2.83 0.08
2.83 0.09
2.83 0.1
2.83 0.11
2.83 0.12
2.83 0.13
2.83 0.14
2.83 0.15
2.83 0.16
2.83 0.17
2.83 0.18
2.83 0.19
2.83 0.2
2.83 0.21
2.84 0.01
2.84 0.02
2.84 0.03
2.84 0.04
2.84 0.05
2.84 0.06
2.84 0.07
2.84 0.08
2.84 0.09
2.84 0.1
2.84 0.11
2.84 0.12
2.84 0.13
2.84 0.14
2.84 0.15
2.84 0.16
2.84 0.17
2.84 0.18
2.84 0.19
2.84 0.2
2.84 0.21
2.85 0.01
2.85 0.02
2.85 0.03
2.85 0.04
2.85 0.05
2.85 0.06
2.85 0.07
2.85 0.08
2.85 0.09
2.85 0.1
2.85 0.11
2.85 0.12
2.85 0.13
2.85 0.14
2.85 0.15
2.85 0.16
2.85 0.17
2.85 0.18
2.85 0.19
2.85 0.2
2.85 0.21
2.86 0.01
2.86 0.02
2.86 0.03
2.86 0.04
2.86 0.05
2.86 0.06
2.86 0.07
2.86 0.08
2.86 0.09
2.86 0.1
2.86 0.11
2.86 0.12
2.86 0.13
2.86 0.14
2.86 0.15
2.86 0.16
2.86 0.17
2.86 0.18
2.86 0.19
2.86 0.2
2.86 0.21
2.87 0.01
2.87 0.02
2.87 0.03
2.87 0.04
2.87 0.05
2.87 0.06
2.87 0.07
2.87 0.08
2.87 0.09
2.87 0.1
2.87 0.11
2.87 0.12
2.87 0.13
2.87 0.14
2.87 0.15
2.87 0.16
2.87 0.17
2.87 0.18
2.87 0.19
2.87 0.2
2.87 0.21
2.88 0.01
2.88 0.02
2.88 0.03
2.88 0.04
2.88 0.05
2.88 0.06
2.88 0.07
2.88 0.08
2.88 0.09
2.88 0.1
2.88 0.11
2.88 0.12
2.88 0.13
2.88 0.14
2.88 0.15
2.88 0.16
2.88 0.17
2.88 0.18
2.88 0.19
2.88 0.2
2.88 0.21
2.89 0.01
2.89 0.02
2.89 0.03
2.89 0.04
2.89 0.05
2.89 0.06
2.89 0.07
2.89 0.08
2.89 0.09
2.89 0.1
2.89 0.11
2.89 0.12
2.89 0.13
2.89 0.14
2.89 0.15
2.89 0.16
2.89 0.17
2.89 0.18
2.89 0.19
2.89 0.2
2.89 0.21
2.9 0.01
2.9 0.02
2.9 0.03
2.9 0.04
2.9 0.05
2.9 0.06
2.9 0.07
2.9 0.08
2.9 0.09
2.9 0.1
2.9 0.11
2.9 0.12
2.9 0.13
2.9 0.14
2.9 0.15
2.9 0.16
2.9 0.17
2.9 0.18
2.9 0.19
2.9 0.2
2.9 0.21
2.91 0.01
2.91 0.02
2.91 0.03
2.91 0.04
2.91 0.05
2.91 0.06
2.91 0.07
2.91 0.08
2.91 0.09
2.91 0.1
2.91 0.11
2.91 0.12
2.91 0.13
2.91 0.14
2.91 0.15
2.91 0.16
2.91 0.17
2.91 0.18
2.91 0.19
2.91 0.2
2.91 0.21
2.92 0.01
2.92 0.02
2.92 0.03
2.92 0.04
2.92 0.05
2.92 0.06
2.92 0.07
2.92 0.08
2.92 0.09
2.92 0.1
2.92 0.11
2.92 0.12
2.92 0.13
2.92 0.14
2.92 0.15
2.92 0.16
2.92 0.17
2.92 0.18
2.92 0.19
2.92 0.2
2.92 0.21
2.93 0.01
2.93 0.02
2.93 0.03
2.93 0.04
2.93 0.05
2.93 0.06
2.93 0.07
2.93 0.08
2.93 0.09
2.93 0.1
2.93 0.11
2.93 0.12
2.93 0.13
2.93 0.14
2.93 0.15
2.93 0.16
2.93 0.17
2.93 0.18
2.93 0.19
2.93 0.2
2.93 0.21
2.94 0.01
2.94 0.02
2.94 0.03
2.94 0.04
2.94 0.05
2.94 0.06
2.94 0.07
2.94 0.08
2.94 0.09
2.94 0.1
2.94 0.11
2.94 0.12
2.94 0.13
2.94 0.14
2.94 0.15
2.94 0.16
2.94 0.17
2.94 0.18
2.94 0.19
2.94 0.2
2.94 0.21
2.95 0.01
2.95 0.02
2.95 0.03
2.95 0.04
2.95 0.05
2.95 0.06
2.95 0.07
2.95 0.08
2.95 0.09
2.95 0.1
2.95 0.11
2.95 0.12
2.95 0.13
2.95 0.14
2.95 0.15
2.95 0.16
2.95 0.17
2.95 0.18
2.95 0.19
2.95 0.2
2.95 0.21
2.95 0.22
2.96 0.01
2.96 0.02
2.96 0.03
2.96 0.04
2.96 0.05
2.96 0.06
2.96 0.07
2.96 0.08
2.96 0.09
2.96 0.1
2.96 0.11
2.96 0.12
2.96 0.13
2.96 0.14
2.96 0.15
2.96 0.16
2.96 0.17
2.96 0.18
2.96 0.19
2.96 0.2
2.96 0.21
2.96 0.22
2.97 0.01
2.97 0.02
2.97 0.03
2.97 0.04
2.97 0.05
2.97 0.06
2.97 0.07
2.97 0.08
2.97 0.09
2.97 0.1
2.97 0.11
2.97 0.12
2.97 0.13
2.97 0.14
2.97 0.15
2.97 0.16
2.97 0.17
2.97 0.18
2.97 0.19
2.97 0.2
2.97 0.21
2.97 0.22
2.98 0.01
2.98 0.02
2.98 0.03
2.98 0.04
2.98 0.05
2.98 0.06
2.98 0.07
2.98 0.08
2.98 0.09
2.98 0.1
2.98 0.11
2.98 0.12
2.98 0.13
2.98 0.14
2.98 0.15
2.98 0.16
2.98 0.17
2.98 0.18
2.98 0.19
2.98 0.2
2.98 0.21
2.98 0.22
2.99 0.01
2.99 0.02
2.99 0.03
2.99 0.04
2.99 0.05
2.99 0.06
2.99 0.07
2.99 0.08
2.99 0.09
2.99 0.1
2.99 0.11
2.99 0.12
2.99 0.13
2.99 0.14
2.99 0.15
2.99 0.16
2.99 0.17
2.99 0.18
2.99 0.19
2.99 0.2
2.99 0.21
2.99 0.22
3 0.01
3 0.02
3 0.03
3 0.04
3 0.05
3 0.06
3 0.07
3 0.08
3 0.09
3 0.1
3 0.11
3 0.12
3 0.13
3 0.14
3 0.15
3 0.16
3 0.17
3 0.18
3 0.19
3 0.2
3 0.21
3 0.22
3.01 0.01
3.01 0.02
3.01 0.03
3.01 0.04
3.01 0.05
3.01 0.06
3.01 0.07
3.01 0.08
3.01 0.09
3.01 0.1
3.01 0.11
3.01 0.12
3.01 0.13
3.01 0.14
3.01 0.15
3.01 0.16
3.01 0.17
3.01 0.18
3.01 0.19
3.01 0.2
3.01 0.21
3.01 0.22
3.02 0.01
3.02 0.02
3.02 0.03
3.02 0.04
3.02 0.05
3.02 0.06
3.02 0.07
3.02 0.08
3.02 0.09
3.02 0.1
3.02 0.11
3.02 0.12
3.02 0.13
3.02 0.14
3.02 0.15
3.02 0.16
3.02 0.17
3.02 0.18
3.02 0.19
3.02 0.2
3.02 0.21
3.02 0.22
3.03 0.01
3.03 0.02
3.03 0.03
3.03 0.04
3.03 0.05
3.03 0.06
3.03 0.07
3.03 0.08
3.03 0.09
3.03 0.1
3.03 0.11
3.03 0.12
3.03 0.13
3.03 0.14
3.03 0.15
3.03 0.16
3.03 0.17
3.03 0.18
3.03 0.19
3.03 0.2
3.03 0.21
3.03 0.22
3.04 0.01
3.04 0.02
3.04 0.03
3.04 0.04
3.04 0.05
3.04 0.06
3.04 0.07
3.04 0.08
3.04 0.09
3.04 0.1
3.04 0.11
3.04 0.12
3.04 0.13
3.04 0.14
3.04 0.15
3.04 0.16
3.04 0.17
3.04 0.18
3.04 0.19
3.04 0.2
3.04 0.21
3.04 0.22
3.05 0.01
3.05 0.02
3.05 0.03
3.05 0.04
3.05 0.05
3.05 0.06
3.05 0.07
3.05 0.08
3.05 0.09
3.05 0.1
3.05 0.11
3.05 0.12
3.05 0.13
3.05 0.14
3.05 0.15
3.05 0.16
3.05 0.17
3.05 0.18
3.05 0.19
3.05 0.2
3.05 0.21
3.05 0.22
3.06 0.01
3.06 0.02
3.06 0.03
3.06 0.04
3.06 0.05
3.06 0.06
3.06 0.07
3.06 0.08
3.06 0.09
3.06 0.1
3.06 0.11
3.06 0.12
3.06 0.13
3.06 0.14
3.06 0.15
3.06 0.16
3.06 0.17
3.06 0.18
3.06 0.19
3.06 0.2
3.06 0.21
3.06 0.22
3.06 0.23
3.07 0.01
3.07 0.02
3.07 0.03
3.07 0.04
3.07 0.05
3.07 0.06
3.07 0.07
3.07 0.08
3.07 0.09
3.07 0.1
3.07 0.11
3.07 0.12
3.07 0.13
3.07 0.14
3.07 0.15
3.07 0.16
3.07 0.17
3.07 0.18
3.07 0.19
3.07 0.2
3.07 0.21
3.07 0.22
3.07 0.23
3.08 0.01
3.08 0.02
3.08 0.03
3.08 0.04
3.08 0.05
3.08 0.06
3.08 0.07
3.08 0.08
3.08 0.09
3.08 0.1
3.08 0.11
3.08 0.12
3.08 0.13
3.08 0.14
3.08 0.15
3.08 0.16
3.08 0.17
3.08 0.18
3.08 0.19
3.08 0.2
3.08 0.21
3.08 0.22
3.09 0.01
3.09 0.02
3.09 0.03
3.09 0.04
3.09 0.05
3.09 0.06
3.09 0.07
3.09 0.08
3.09 0.09
3.09 0.1
3.09 0.11
3.09 0.12
3.09 0.13
3.09 0.14
3.09 0.15
3.09 0.16
3.09 0.17
3.09 0.18
3.09 0.19
3.09 0.2
3.09 0.21
3.09 0.22
3.09 0.23
3.1 0.01
3.1 0.02
3.1 0.03
3.1 0.04
3.1 0.05
3.1 0.06
3.1 0.07
3.1 0.08
3.1 0.09
3.1 0.1
3.1 0.11
3.1 0.12
3.1 0.13
3.1 0.14
3.1 0.15
3.1 0.16
3.1 0.17
3.1 0.18
3.1 0.19
3.1 0.2
3.1 0.21
3.1 0.22
3.1 0.23
3.11 0.01
3.11 0.02
3.11 0.03
3.11 0.04
3.11 0.05
3.11 0.06
3.11 0.07
3.11 0.08
3.11 0.09
3.11 0.1
3.11 0.11
3.11 0.12
3.11 0.13
3.11 0.14
3.11 0.15
3.11 0.16
3.11 0.17
3.11 0.18
3.11 0.19
3.11 0.2
3.11 0.21
3.11 0.22
3.11 0.23
3.12 0.01
3.12 0.02
3.12 0.03
3.12 0.04
3.12 0.05
3.12 0.06
3.12 0.07
3.12 0.08
3.12 0.09
3.12 0.1
3.12 0.11
3.12 0.12
3.12 0.13
3.12 0.14
3.12 0.15
3.12 0.16
3.12 0.17
3.12 0.18
3.12 0.19
3.12 0.2
3.12 0.21
3.12 0.22
3.12 0.23
3.13 0.01
3.13 0.02
3.13 0.03
3.13 0.04
3.13 0.05
3.13 0.06
3.13 0.07
3.13 0.08
3.13 0.09
3.13 0.1
3.13 0.11
3.13 0.12
3.13 0.13
3.13 0.14
3.13 0.15
3.13 0.16
3.13 0.17
3.13 0.18
3.13 0.19
3.13 0.2
3.13 0.21
3.13 0.22
3.13 0.23
3.14 0.01
3.14 0.02
3.14 0.03
3.14 0.04
3.14 0.05
3.14 0.06
3.14 0.07
3.14 0.08
3.14 0.09
3.14 0.1
3.14 0.11
3.14 0.12
3.14 0.13
3.14 0.14
3.14 0.15
3.14 0.16
3.14 0.17
3.14 0.18
3.14 0.19
3.14 0.2
3.14 0.21
3.14 0.22
3.14 0.23
3.15 0.01
3.15 0.02
3.15 0.03
3.15 0.04
3.15 0.05
3.15 0.06
3.15 0.07
3.15 0.08
3.15 0.09
3.15 0.1
3.15 0.11
3.15 0.12
3.15 0.13
3.15 0.14
3.15 0.15
3.15 0.16
3.15 0.17
3.15 0.18
3.15 0.19
3.15 0.2
3.15 0.21
3.15 0.22
3.15 0.23
3.16 0.01
3.16 0.02
3.16 0.03
3.16 0.04
3.16 0.05
3.16 0.06
3.16 0.07
3.16 0.08
3.16 0.09
3.16 0.1
3.16 0.11
3.16 0.12
3.16 0.13
3.16 0.14
3.16 0.15
3.16 0.16
3.16 0.17
3.16 0.18
3.16 0.19
3.16 0.2
3.16 0.21
3.16 0.22
3.16 0.23
3.17 0.01
3.17 0.02
3.17 0.03
3.17 0.04
3.17 0.05
3.17 0.06
3.17 0.07
3.17 0.08
3.17 0.09
3.17 0.1
3.17 0.11
3.17 0.12
3.17 0.13
3.17 0.14
3.17 0.15
3.17 0.16
3.17 0.17
3.17 0.18
3.17 0.19
3.17 0.2
3.17 0.21
3.17 0.22
3.17 0.23
3.18 0.01
3.18 0.02
3.18 0.03
3.18 0.04
3.18 0.05
3.18 0.06
3.18 0.07
3.18 0.08
3.18 0.09
3.18 0.1
3.18 0.11
3.18 0.12
3.18 0.13
3.18 0.14
3.18 0.15
3.18 0.16
3.18 0.17
3.18 0.18
3.18 0.19
3.18 0.2
3.18 0.21
3.18 0.22
3.18 0.23
3.18 0.24
3.19 0.01
3.19 0.02
3.19 0.03
3.19 0.04
3.19 0.05
3.19 0.06
3.19 0.07
3.19 0.08
3.19 0.09
3.19 0.1
3.19 0.11
3.19 0.12
3.19 0.13
3.19 0.14
3.19 0.15
3.19 0.16
3.19 0.17
3.19 0.18
3.19 0.19
3.19 0.2
3.19 0.21
3.19 0.22
3.19 0.23
3.2 0.01
3.2 0.02
3.2 0.03
3.2 0.04
3.2 0.05
3.2 0.06
3.2 0.07
3.2 0.08
3.2 0.09
3.2 0.1
3.2 0.11
3.2 0.12
3.2 0.13
3.2 0.14
3.2 0.15
3.2 0.16
3.2 0.17
3.2 0.18
3.2 0.19
3.2 0.2
3.2 0.21
3.2 0.22
3.2 0.23
3.2 0.24
3.21 0.01
3.21 0.02
3.21 0.03
3.21 0.04
3.21 0.05
3.21 0.06
3.21 0.07
3.21 0.08
3.21 0.09
3.21 0.1
3.21 0.11
3.21 0.12
3.21 0.13
3.21 0.14
3.21 0.15
3.21 0.16
3.21 0.17
3.21 0.18
3.21 0.19
3.21 0.2
3.21 0.21
3.21 0.22
3.21 0.23
3.22 0.01
3.22 0.02
3.22 0.03
3.22 0.04
3.22 0.05
3.22 0.06
3.22 0.07
3.22 0.08
3.22 0.09
3.22 0.1
3.22 0.11
3.22 0.12
3.22 0.13
3.22 0.14
3.22 0.15
3.22 0.16
3.22 0.17
3.22 0.18
3.22 0.19
3.22 0.2
3.22 0.21
3.22 0.22
3.22 0.23
3.22 0.24
3.23 0.01
3.23 0.02
3.23 0.03
3.23 0.04
3.23 0.05
3.23 0.06
3.23 0.07
3.23 0.08
3.23 0.09
3.23 0.1
3.23 0.11
3.23 0.12
3.23 0.13
3.23 0.14
3.23 0.15
3.23 0.16
3.23 0.17
3.23 0.18
3.23 0.19
3.23 0.2
3.23 0.21
3.23 0.22
3.23 0.23
3.23 0.24
3.24 0.01
3.24 0.02
3.24 0.03
3.24 0.04
3.24 0.05
3.24 0.06
3.24 0.07
3.24 0.08
3.24 0.09
3.24 0.1
3.24 0.11
3.24 0.12
3.24 0.13
3.24 0.14
3.24 0.15
3.24 0.16
3.24 0.17
3.24 0.18
3.24 0.19
3.24 0.2
3.24 0.21
3.24 0.22
3.24 0.23
3.24 0.24
3.25 0.01
3.25 0.02
3.25 0.03
3.25 0.04
3.25 0.05
3.25 0.06
3.25 0.07
3.25 0.08
3.25 0.09
3.25 0.1
3.25 0.11
3.25 0.12
3.25 0.13
3.25 0.14
3.25 0.15
3.25 0.16
3.25 0.17
3.25 0.18
3.25 0.19
3.25 0.2
3.25 0.21
3.25 0.22
3.25 0.23
3.25 0.24
3.26 0.01
3.26 0.02
3.26 0.03
3.26 0.04
3.26 0.05
3.26 0.06
3.26 0.07
3.26 0.08
3.26 0.09
3.26 0.1
3.26 0.11
3.26 0.12
3.26 0.13
3.26 0.14
3.26 0.15
3.26 0.16
3.26 0.17
3.26 0.18
3.26 0.19
3.26 0.2
3.26 0.21
3.26 0.22
3.26 0.23
3.26 0.24
3.27 0.01
3.27 0.02
3.27 0.03
3.27 0.04
3.27 0.05
3.27 0.06
3.27 0.07
3.27 0.08
3.27 0.09
3.27 0.1
3.27 0.11
3.27 0.12
3.27 0.13
3.27 0.14
3.27 0.15
3.27 0.16
3.27 0.17
3.27 0.18
3.27 0.19
3.27 0.2
3.27 0.21
3.27 0.22
3.27 0.23
3.27 0.24
3.28 0.01
3.28 0.02
3.28 0.03
3.28 0.04
3.28 0.05
3.28 0.06
3.28 0.07
3.28 0.08
3.28 0.09
3.28 0.1
3.28 0.11
3.28 0.12
3.28 0.13
3.28 0.14
3.28 0.15
3.28 0.16
3.28 0.17
3.28 0.18
3.28 0.19
3.28 0.2
3.28 0.21
3.28 0.22
3.28 0.23
3.28 0.24
3.29 0.01
3.29 0.02
3.29 0.03
3.29 0.04
3.29 0.05
3.29 0.06
3.29 0.07
3.29 0.08
3.29 0.09
3.29 0.1
3.29 0.11
3.29 0.12
3.29 0.13
3.29 0.14
3.29 0.15
3.29 0.16
3.29 0.17
3.29 0.18
3.29 0.19
3.29 0.2
3.29 0.21
3.29 0.22
3.29 0.23
3.29 0.24
3.3 0.01
3.3 0.02
3.3 0.03
3.3 0.04
3.3 0.05
3.3 0.06
3.3 0.07
3.3 0.08
3.3 0.09
3.3 0.1
3.3 0.11
3.3 0.12
3.3 0.13
3.3 0.14
3.3 0.15
3.3 0.16
3.3 0.17
3.3 0.18
3.3 0.19
3.3 0.2
3.3 0.21
3.3 0.22
3.3 0.23
3.3 0.24
3.31 0.01
3.31 0.02
3.31 0.03
3.31 0.04
3.31 0.05
3.31 0.06
3.31 0.07
3.31 0.08
3.31 0.09
3.31 0.1
3.31 0.11
3.31 0.12
3.31 0.13
3.31 0.14
3.31 0.15
3.31 0.16
3.31 0.17
3.31 0.18
3.31 0.19
3.31 0.2
3.31 0.21
3.31 0.22
3.31 0.23
3.31 0.24
3.32 0.01
3.32 0.02
3.32 0.03
3.32 0.04
3.32 0.05
3.32 0.06
3.32 0.07
3.32 0.08
3.32 0.09
3.32 0.1
3.32 0.11
3.32 0.12
3.32 0.13
3.32 0.14
3.32 0.15
3.32 0.16
3.32 0.17
3.32 0.18
3.32 0.19
3.32 0.2
3.32 0.21
3.32 0.22
3.32 0.23
3.32 0.24
3.32 0.25
3.33 0.01
3.33 0.02
3.33 0.03
3.33 0.04
3.33 0.05
3.33 0.06
3.33 0.07
3.33 0.08
3.33 0.09
3.33 0.1
3.33 0.11
3.33 0.12
3.33 0.13
3.33 0.14
3.33 0.15
3.33 0.16
3.33 0.17
3.33 0.18
3.33 0.19
3.33 0.2
3.33 0.21
3.33 0.22
3.33 0.23
3.33 0.24
3.34 0.01
3.34 0.02
3.34 0.03
3.34 0.04
3.34 0.05
3.34 0.06
3.34 0.07
3.34 0.08
3.34 0.09
3.34 0.1
3.34 0.11
3.34 0.12
3.34 0.13
3.34 0.14
3.34 0.15
3.34 0.16
3.34 0.17
3.34 0.18
3.34 0.19
3.34 0.2
3.34 0.21
3.34 0.22
3.34 0.23
3.34 0.24
3.35 0.01
3.35 0.02
3.35 0.03
3.35 0.04
3.35 0.05
3.35 0.06
3.35 0.07
3.35 0.08
3.35 0.09
3.35 0.1
3.35 0.11
3.35 0.12
3.35 0.13
3.35 0.14
3.35 0.15
3.35 0.16
3.35 0.17
3.35 0.18
3.35 0.19
3.35 0.2
3.35 0.21
3.35 0.22
3.35 0.23
3.35 0.24
3.35 0.25
3.36 0.01
3.36 0.02
3.36 0.03
3.36 0.04
3.36 0.05
3.36 0.06
3.36 0.07
3.36 0.08
3.36 0.09
3.36 0.1
3.36 0.11
3.36 0.12
3.36 0.13
3.36 0.14
3.36 0.15
3.36 0.16
3.36 0.17
3.36 0.18
3.36 0.19
3.36 0.2
3.36 0.21
3.36 0.22
3.36 0.23
3.36 0.24
3.36 0.25
3.37 0.01
3.37 0.02
3.37 0.03
3.37 0.04
3.37 0.05
3.37 0.06
3.37 0.07
3.37 0.08
3.37 0.09
3.37 0.1
3.37 0.11
3.37 0.12
3.37 0.13
3.37 0.14
3.37 0.15
3.37 0.16
3.37 0.17
3.37 0.18
3.37 0.19
3.37 0.2
3.37 0.21
3.37 0.22
3.37 0.23
3.37 0.24
3.37 0.25
3.38 0.01
3.38 0.02
3.38 0.03
3.38 0.04
3.38 0.05
3.38 0.06
3.38 0.07
3.38 0.08
3.38 0.09
3.38 0.1
3.38 0.11
3.38 0.12
3.38 0.13
3.38 0.14
3.38 0.15
3.38 0.16
3.38 0.17
3.38 0.18
3.38 0.19
3.38 0.2
3.38 0.21
3.38 0.22
3.38 0.23
3.38 0.24
3.38 0.25
3.39 0.01
3.39 0.02
3.39 0.03
3.39 0.04
3.39 0.05
3.39 0.06
3.39 0.07
3.39 0.08
3.39 0.09
3.39 0.1
3.39 0.11
3.39 0.12
3.39 0.13
3.39 0.14
3.39 0.15
3.39 0.16
3.39 0.17
3.39 0.18
3.39 0.19
3.39 0.2
3.39 0.21
3.39 0.22
3.39 0.23
3.39 0.24
3.39 0.25
3.4 0.01
3.4 0.02
3.4 0.03
3.4 0.04
3.4 0.05
3.4 0.06
3.4 0.07
3.4 0.08
3.4 0.09
3.4 0.1
3.4 0.11
3.4 0.12
3.4 0.13
3.4 0.14
3.4 0.15
3.4 0.16
3.4 0.17
3.4 0.18
3.4 0.19
3.4 0.2
3.4 0.21
3.4 0.22
3.4 0.23
3.4 0.24
3.4 0.25
3.41 0.01
3.41 0.02
3.41 0.03
3.41 0.04
3.41 0.05
3.41 0.06
3.41 0.07
3.41 0.08
3.41 0.09
3.41 0.1
3.41 0.11
3.41 0.12
3.41 0.13
3.41 0.14
3.41 0.15
3.41 0.16
3.41 0.17
3.41 0.18
3.41 0.19
3.41 0.2
3.41 0.21
3.41 0.22
3.41 0.23
3.41 0.24
3.41 0.25
3.42 0.01
3.42 0.02
3.42 0.03
3.42 0.04
3.42 0.05
3.42 0.06
3.42 0.07
3.42 0.08
3.42 0.09
3.42 0.1
3.42 0.11
3.42 0.12
3.42 0.13
3.42 0.14
3.42 0.15
3.42 0.16
3.42 0.17
3.42 0.18
3.42 0.19
3.42 0.2
3.42 0.21
3.42 0.22
3.42 0.23
3.42 0.24
3.42 0.25
3.43 0.01
3.43 0.02
3.43 0.03
3.43 0.04
3.43 0.05
3.43 0.06
3.43 0.07
3.43 0.08
3.43 0.09
3.43 0.1
3.43 0.11
3.43 0.12
3.43 0.13
3.43 0.14
3.43 0.15
3.43 0.16
3.43 0.17
3.43 0.18
3.43 0.19
3.43 0.2
3.43 0.21
3.43 0.22
3.43 0.23
3.43 0.24
3.43 0.25
3.44 0.01
3.44 0.02
3.44 0.03
3.44 0.04
3.44 0.05
3.44 0.06
3.44 0.07
3.44 0.08
3.44 0.09
3.44 0.1
3.44 0.11
3.44 0.12
3.44 0.13
3.44 0.14
3.44 0.15
3.44 0.16
3.44 0.17
3.44 0.18
3.44 0.19
3.44 0.2
3.44 0.21
3.44 0.22
3.44 0.23
3.44 0.24
3.44 0.25
3.45 0.01
3.45 0.02
3.45 0.03
3.45 0.04
3.45 0.05
3.45 0.06
3.45 0.07
3.45 0.08
3.45 0.09
3.45 0.1
3.45 0.11
3.45 0.12
3.45 0.13
3.45 0.14
3.45 0.15
3.45 0.16
3.45 0.17
3.45 0.18
3.45 0.19
3.45 0.2
3.45 0.21
3.45 0.22
3.45 0.23
3.45 0.24
3.45 0.25
3.45 0.26
3.46 0.01
3.46 0.02
3.46 0.03
3.46 0.04
3.46 0.05
3.46 0.06
3.46 0.07
3.46 0.08
3.46 0.09
3.46 0.1
3.46 0.11
3.46 0.12
3.46 0.13
3.46 0.14
3.46 0.15
3.46 0.16
3.46 0.17
3.46 0.18
3.46 0.19
3.46 0.2
3.46 0.21
3.46 0.22
3.46 0.23
3.46 0.24
3.46 0.25
3.47 0.01
3.47 0.02
3.47 0.03
3.47 0.04
3.47 0.05
3.47 0.06
3.47 0.07
3.47 0.08
3.47 0.09
3.47 0.1
3.47 0.11
3.47 0.12
3.47 0.13
3.47 0.14
3.47 0.15
3.47 0.16
3.47 0.17
3.47 0.18
3.47 0.19
3.47 0.2
3.47 0.21
3.47 0.22
3.47 0.23
3.47 0.24
3.47 0.25
3.47 0.26
3.48 0.01
3.48 0.02
3.48 0.03
3.48 0.04
3.48 0.05
3.48 0.06
3.48 0.07
3.48 0.08
3.48 0.09
3.48 0.1
3.48 0.11
3.48 0.12
3.48 0.13
3.48 0.14
3.48 0.15
3.48 0.16
3.48 0.17
3.48 0.18
3.48 0.19
3.48 0.2
3.48 0.21
3.48 0.22
3.48 0.23
3.48 0.24
3.48 0.25
3.48 0.26
3.49 0.01
3.49 0.02
3.49 0.03
3.49 0.04
3.49 0.05
3.49 0.06
3.49 0.07
3.49 0.08
3.49 0.09
3.49 0.1
3.49 0.11
3.49 0.12
3.49 0.13
3.49 0.14
3.49 0.15
3.49 0.16
3.49 0.17
3.49 0.18
3.49 0.19
3.49 0.2
3.49 0.21
3.49 0.22
3.49 0.23
3.49 0.24
3.49 0.25
3.49 0.26
3.5 0.01
3.5 0.02
3.5 0.03
3.5 0.04
3.5 0.05
3.5 0.06
3.5 0.07
3.5 0.08
3.5 0.09
3.5 0.1
3.5 0.11
3.5 0.12
3.5 0.13
3.5 0.14
3.5 0.15
3.5 0.16
3.5 0.17
3.5 0.18
3.5 0.19
3.5 0.2
3.5 0.21
3.5 0.22
3.5 0.23
3.5 0.24
3.5 0.25
3.5 0.26
3.51 0.01
3.51 0.02
3.51 0.03
3.51 0.04
3.51 0.05
3.51 0.06
3.51 0.07
3.51 0.08
3.51 0.09
3.51 0.1
3.51 0.11
3.51 0.12
3.51 0.13
3.51 0.14
3.51 0.15
3.51 0.16
3.51 0.17
3.51 0.18
3.51 0.19
3.51 0.2
3.51 0.21
3.51 0.22
3.51 0.23
3.51 0.24
3.51 0.25
3.51 0.26
3.52 0.01
3.52 0.02
3.52 0.03
3.52 0.04
3.52 0.05
3.52 0.06
3.52 0.07
3.52 0.08
3.52 0.09
3.52 0.1
3.52 0.11
3.52 0.12
3.52 0.13
3.52 0.14
3.52 0.15
3.52 0.16
3.52 0.17
3.52 0.18
3.52 0.19
3.52 0.2
3.52 0.21
3.52 0.22
3.52 0.23
3.52 0.24
3.52 0.25
3.52 0.26
3.53 0.01
3.53 0.02
3.53 0.03
3.53 0.04
3.53 0.05
3.53 0.06
3.53 0.07
3.53 0.08
3.53 0.09
3.53 0.1
3.53 0.11
3.53 0.12
3.53 0.13
3.53 0.14
3.53 0.15
3.53 0.16
3.53 0.17
3.53 0.18
3.53 0.19
3.53 0.2
3.53 0.21
3.53 0.22
3.53 0.23
3.53 0.24
3.53 0.25
3.53 0.26
3.54 0.01
3.54 0.02
3.54 0.03
3.54 0.04
3.54 0.05
3.54 0.06
3.54 0.07
3.54 0.08
3.54 0.09
3.54 0.1
3.54 0.11
3.54 0.12
3.54 0.13
3.54 0.14
3.54 0.15
3.54 0.16
3.54 0.17
3.54 0.18
3.54 0.19
3.54 0.2
3.54 0.21
3.54 0.22
3.54 0.23
3.54 0.24
3.54 0.25
3.54 0.26
3.55 0.01
3.55 0.02
3.55 0.03
3.55 0.04
3.55 0.05
3.55 0.06
3.55 0.07
3.55 0.08
3.55 0.09
3.55 0.1
3.55 0.11
3.55 0.12
3.55 0.13
3.55 0.14
3.55 0.15
3.55 0.16
3.55 0.17
3.55 0.18
3.55 0.19
3.55 0.2
3.55 0.21
3.55 0.22
3.55 0.23
3.55 0.24
3.55 0.25
3.55 0.26
3.56 0.01
3.56 0.02
3.56 0.03
3.56 0.04
3.56 0.05
3.56 0.06
3.56 0.07
3.56 0.08
3.56 0.09
3.56 0.1
3.56 0.11
3.56 0.12
3.56 0.13
3.56 0.14
3.56 0.15
3.56 0.16
3.56 0.17
3.56 0.18
3.56 0.19
3.56 0.2
3.56 0.21
3.56 0.22
3.56 0.23
3.56 0.24
3.56 0.25
3.56 0.26
3.57 0.01
3.57 0.02
3.57 0.03
3.57 0.04
3.57 0.05
3.57 0.06
3.57 0.07
3.57 0.08
3.57 0.09
3.57 0.1
3.57 0.11
3.57 0.12
3.57 0.13
3.57 0.14
3.57 0.15
3.57 0.16
3.57 0.17
3.57 0.18
3.57 0.19
3.57 0.2
3.57 0.21
3.57 0.22
3.57 0.23
3.57 0.24
3.57 0.25
3.57 0.26
3.58 0.01
3.58 0.02
3.58 0.03
3.58 0.04
3.58 0.05
3.58 0.06
3.58 0.07
3.58 0.08
3.58 0.09
3.58 0.1
3.58 0.11
3.58 0.12
3.58 0.13
3.58 0.14
3.58 0.15
3.58 0.16
3.58 0.17
3.58 0.18
3.58 0.19
3.58 0.2
3.58 0.21
3.58 0.22
3.58 0.23
3.58 0.24
3.58 0.25
3.58 0.26
3.58 0.27
3.59 0.01
3.59 0.02
3.59 0.03
3.59 0.04
3.59 0.05
3.59 0.06
3.59 0.07
3.59 0.08
3.59 0.09
3.59 0.1
3.59 0.11
3.59 0.12
3.59 0.13
3.59 0.14
3.59 0.15
3.59 0.16
3.59 0.17
3.59 0.18
3.59 0.19
3.59 0.2
3.59 0.21
3.59 0.22
3.59 0.23
3.59 0.24
3.59 0.25
3.59 0.26
3.6 0.01
3.6 0.02
3.6 0.03
3.6 0.04
3.6 0.05
3.6 0.06
3.6 0.07
3.6 0.08
3.6 0.09
3.6 0.1
3.6 0.11
3.6 0.12
3.6 0.13
3.6 0.14
3.6 0.15
3.6 0.16
3.6 0.17
3.6 0.18
3.6 0.19
3.6 0.2
3.6 0.21
3.6 0.22
3.6 0.23
3.6 0.24
3.6 0.25
3.6 0.26
3.6 0.27
3.61 0.01
3.61 0.02
3.61 0.03
3.61 0.04
3.61 0.05
3.61 0.06
3.61 0.07
3.61 0.08
3.61 0.09
3.61 0.1
3.61 0.11
3.61 0.12
3.61 0.13
3.61 0.14
3.61 0.15
3.61 0.16
3.61 0.17
3.61 0.18
3.61 0.19
3.61 0.2
3.61 0.21
3.61 0.22
3.61 0.23
3.61 0.24
3.61 0.25
3.61 0.26
3.62 0.01
3.62 0.02
3.62 0.03
3.62 0.04
3.62 0.05
3.62 0.06
3.62 0.07
3.62 0.08
3.62 0.09
3.62 0.1
3.62 0.11
3.62 0.12
3.62 0.13
3.62 0.14
3.62 0.15
3.62 0.16
3.62 0.17
3.62 0.18
3.62 0.19
3.62 0.2
3.62 0.21
3.62 0.22
3.62 0.23
3.62 0.24
3.62 0.25
3.62 0.26
3.62 0.27
3.63 0.01
3.63 0.02
3.63 0.03
3.63 0.04
3.63 0.05
3.63 0.06
3.63 0.07
3.63 0.08
3.63 0.09
3.63 0.1
3.63 0.11
3.63 0.12
3.63 0.13
3.63 0.14
3.63 0.15
3.63 0.16
3.63 0.17
3.63 0.18
3.63 0.19
3.63 0.2
3.63 0.21
3.63 0.22
3.63 0.23
3.63 0.24
3.63 0.25
3.63 0.26
3.63 0.27
3.64 0.01
3.64 0.02
3.64 0.03
3.64 0.04
3.64 0.05
3.64 0.06
3.64 0.07
3.64 0.08
3.64 0.09
3.64 0.1
3.64 0.11
3.64 0.12
3.64 0.13
3.64 0.14
3.64 0.15
3.64 0.16
3.64 0.17
3.64 0.18
3.64 0.19
3.64 0.2
3.64 0.21
3.64 0.22
3.64 0.23
3.64 0.24
3.64 0.25
3.64 0.26
3.64 0.27
3.65 0.01
3.65 0.02
3.65 0.03
3.65 0.04
3.65 0.05
3.65 0.06
3.65 0.07
3.65 0.08
3.65 0.09
3.65 0.1
3.65 0.11
3.65 0.12
3.65 0.13
3.65 0.14
3.65 0.15
3.65 0.16
3.65 0.17
3.65 0.18
3.65 0.19
3.65 0.2
3.65 0.21
3.65 0.22
3.65 0.23
3.65 0.24
3.65 0.25
3.65 0.26
3.65 0.27
3.66 0.01
3.66 0.02
3.66 0.03
3.66 0.04
3.66 0.05
3.66 0.06
3.66 0.07
3.66 0.08
3.66 0.09
3.66 0.1
3.66 0.11
3.66 0.12
3.66 0.13
3.66 0.14
3.66 0.15
3.66 0.16
3.66 0.17
3.66 0.18
3.66 0.19
3.66 0.2
3.66 0.21
3.66 0.22
3.66 0.23
3.66 0.24
3.66 0.25
3.66 0.26
3.66 0.27
3.67 0.01
3.67 0.02
3.67 0.03
3.67 0.04
3.67 0.05
3.67 0.06
3.67 0.07
3.67 0.08
3.67 0.09
3.67 0.1
3.67 0.11
3.67 0.12
3.67 0.13
3.67 0.14
3.67 0.15
3.67 0.16
3.67 0.17
3.67 0.18
3.67 0.19
3.67 0.2
3.67 0.21
3.67 0.22
3.67 0.23
3.67 0.24
3.67 0.25
3.67 0.26
3.67 0.27
3.68 0.01
3.68 0.02
3.68 0.03
3.68 0.04
3.68 0.05
3.68 0.06
3.68 0.07
3.68 0.08
3.68 0.09
3.68 0.1
3.68 0.11
3.68 0.12
3.68 0.13
3.68 0.14
3.68 0.15
3.68 0.16
3.68 0.17
3.68 0.18
3.68 0.19
3.68 0.2
3.68 0.21
3.68 0.22
3.68 0.23
3.68 0.24
3.68 0.25
3.68 0.26
3.68 0.27
3.69 0.01
3.69 0.02
3.69 0.03
3.69 0.04
3.69 0.05
3.69 0.06
3.69 0.07
3.69 0.08
3.69 0.09
3.69 0.1
3.69 0.11
3.69 0.12
3.69 0.13
3.69 0.14
3.69 0.15
3.69 0.16
3.69 0.17
3.69 0.18
3.69 0.19
3.69 0.2
3.69 0.21
3.69 0.22
3.69 0.23
3.69 0.24
3.69 0.25
3.69 0.26
3.69 0.27
3.7 0.01
3.7 0.02
3.7 0.03
3.7 0.04
3.7 0.05
3.7 0.06
3.7 0.07
3.7 0.08
3.7 0.09
3.7 0.1
3.7 0.11
3.7 0.12
3.7 0.13
3.7 0.14
3.7 0.15
3.7 0.16
3.7 0.17
3.7 0.18
3.7 0.19
3.7 0.2
3.7 0.21
3.7 0.22
3.7 0.23
3.7 0.24
3.7 0.25
3.7 0.26
3.7 0.27
3.71 0.01
3.71 0.02
3.71 0.03
3.71 0.04
3.71 0.05
3.71 0.06
3.71 0.07
3.71 0.08
3.71 0.09
3.71 0.1
3.71 0.11
3.71 0.12
3.71 0.13
3.71 0.14
3.71 0.15
3.71 0.16
3.71 0.17
3.71 0.18
3.71 0.19
3.71 0.2
3.71 0.21
3.71 0.22
3.71 0.23
3.71 0.24
3.71 0.25
3.71 0.26
3.71 0.27
3.71 0.28
3.72 0.01
3.72 0.02
3.72 0.03
3.72 0.04
3.72 0.05
3.72 0.06
3.72 0.07
3.72 0.08
3.72 0.09
3.72 0.1
3.72 0.11
3.72 0.12
3.72 0.13
3.72 0.14
3.72 0.15
3.72 0.16
3.72 0.17
3.72 0.18
3.72 0.19
3.72 0.2
3.72 0.21
3.72 0.22
3.72 0.23
3.72 0.24
3.72 0.25
3.72 0.26
3.72 0.27
3.73 0.01
3.73 0.02
3.73 0.03
3.73 0.04
3.73 0.05
3.73 0.06
3.73 0.07
3.73 0.08
3.73 0.09
3.73 0.1
3.73 0.11
3.73 0.12
3.73 0.13
3.73 0.14
3.73 0.15
3.73 0.16
3.73 0.17
3.73 0.18
3.73 0.19
3.73 0.2
3.73 0.21
3.73 0.22
3.73 0.23
3.73 0.24
3.73 0.25
3.73 0.26
3.73 0.27
3.74 0.01
3.74 0.02
3.74 0.03
3.74 0.04
3.74 0.05
3.74 0.06
3.74 0.07
3.74 0.08
3.74 0.09
3.74 0.1
3.74 0.11
3.74 0.12
3.74 0.13
3.74 0.14
3.74 0.15
3.74 0.16
3.74 0.17
3.74 0.18
3.74 0.19
3.74 0.2
3.74 0.21
3.74 0.22
3.74 0.23
3.74 0.24
3.74 0.25
3.74 0.26
3.74 0.27
3.74 0.28
3.75 0.01
3.75 0.02
3.75 0.03
3.75 0.04
3.75 0.05
3.75 0.06
3.75 0.07
3.75 0.08
3.75 0.09
3.75 0.1
3.75 0.11
3.75 0.12
3.75 0.13
3.75 0.14
3.75 0.15
3.75 0.16
3.75 0.17
3.75 0.18
3.75 0.19
3.75 0.2
3.75 0.21
3.75 0.22
3.75 0.23
3.75 0.24
3.75 0.25
3.75 0.26
3.75 0.27
3.76 0.01
3.76 0.02
3.76 0.03
3.76 0.04
3.76 0.05
3.76 0.06
3.76 0.07
3.76 0.08
3.76 0.09
3.76 0.1
3.76 0.11
3.76 0.12
3.76 0.13
3.76 0.14
3.76 0.15
3.76 0.16
3.76 0.17
3.76 0.18
3.76 0.19
3.76 0.2
3.76 0.21
3.76 0.22
3.76 0.23
3.76 0.24
3.76 0.25
3.76 0.26
3.76 0.27
3.76 0.28
3.77 0.01
3.77 0.02
3.77 0.03
3.77 0.04
3.77 0.05
3.77 0.06
3.77 0.07
3.77 0.08
3.77 0.09
3.77 0.1
3.77 0.11
3.77 0.12
3.77 0.13
3.77 0.14
3.77 0.15
3.77 0.16
3.77 0.17
3.77 0.18
3.77 0.19
3.77 0.2
3.77 0.21
3.77 0.22
3.77 0.23
3.77 0.24
3.77 0.25
3.77 0.26
3.77 0.27
3.77 0.28
3.78 0.01
3.78 0.02
3.78 0.03
3.78 0.04
3.78 0.05
3.78 0.06
3.78 0.07
3.78 0.08
3.78 0.09
3.78 0.1
3.78 0.11
3.78 0.12
3.78 0.13
3.78 0.14
3.78 0.15
3.78 0.16
3.78 0.17
3.78 0.18
3.78 0.19
3.78 0.2
3.78 0.21
3.78 0.22
3.78 0.23
3.78 0.24
3.78 0.25
3.78 0.26
3.78 0.27
3.78 0.28
3.79 0.01
3.79 0.02
3.79 0.03
3.79 0.04
3.79 0.05
3.79 0.06
3.79 0.07
3.79 0.08
3.79 0.09
3.79 0.1
3.79 0.11
3.79 0.12
3.79 0.13
3.79 0.14
3.79 0.15
3.79 0.16
3.79 0.17
3.79 0.18
3.79 0.19
3.79 0.2
3.79 0.21
3.79 0.22
3.79 0.23
3.79 0.24
3.79 0.25
3.79 0.26
3.79 0.27
3.79 0.28
3.8 0.01
3.8 0.02
3.8 0.03
3.8 0.04
3.8 0.05
3.8 0.06
3.8 0.07
3.8 0.08
3.8 0.09
3.8 0.1
3.8 0.11
3.8 0.12
3.8 0.13
3.8 0.14
3.8 0.15
3.8 0.16
3.8 0.17
3.8 0.18
3.8 0.19
3.8 0.2
3.8 0.21
3.8 0.22
3.8 0.23
3.8 0.24
3.8 0.25
3.8 0.26
3.8 0.27
3.8 0.28
3.81 0.01
3.81 0.02
3.81 0.03
3.81 0.04
3.81 0.05
3.81 0.06
3.81 0.07
3.81 0.08
3.81 0.09
3.81 0.1
3.81 0.11
3.81 0.12
3.81 0.13
3.81 0.14
3.81 0.15
3.81 0.16
3.81 0.17
3.81 0.18
3.81 0.19
3.81 0.2
3.81 0.21
3.81 0.22
3.81 0.23
3.81 0.24
3.81 0.25
3.81 0.26
3.81 0.27
3.81 0.28
3.82 0.01
3.82 0.02
3.82 0.03
3.82 0.04
3.82 0.05
3.82 0.06
3.82 0.07
3.82 0.08
3.82 0.09
3.82 0.1
3.82 0.11
3.82 0.12
3.82 0.13
3.82 0.14
3.82 0.15
3.82 0.16
3.82 0.17
3.82 0.18
3.82 0.19
3.82 0.2
3.82 0.21
3.82 0.22
3.82 0.23
3.82 0.24
3.82 0.25
3.82 0.26
3.82 0.27
3.82 0.28
3.83 0.01
3.83 0.02
3.83 0.03
3.83 0.04
3.83 0.05
3.83 0.06
3.83 0.07
3.83 0.08
3.83 0.09
3.83 0.1
3.83 0.11
3.83 0.12
3.83 0.13
3.83 0.14
3.83 0.15
3.83 0.16
3.83 0.17
3.83 0.18
3.83 0.19
3.83 0.2
3.83 0.21
3.83 0.22
3.83 0.23
3.83 0.24
3.83 0.25
3.83 0.26
3.83 0.27
3.83 0.28
3.84 0.01
3.84 0.02
3.84 0.03
3.84 0.04
3.84 0.05
3.84 0.06
3.84 0.07
3.84 0.08
3.84 0.09
3.84 0.1
3.84 0.11
3.84 0.12
3.84 0.13
3.84 0.14
3.84 0.15
3.84 0.16
3.84 0.17
3.84 0.18
3.84 0.19
3.84 0.2
3.84 0.21
3.84 0.22
3.84 0.23
3.84 0.24
3.84 0.25
3.84 0.26
3.84 0.27
3.84 0.28
3.84 0.29
3.85 0.01
3.85 0.02
3.85 0.03
3.85 0.04
3.85 0.05
3.85 0.06
3.85 0.07
3.85 0.08
3.85 0.09
3.85 0.1
3.85 0.11
3.85 0.12
3.85 0.13
3.85 0.14
3.85 0.15
3.85 0.16
3.85 0.17
3.85 0.18
3.85 0.19
3.85 0.2
3.85 0.21
3.85 0.22
3.85 0.23
3.85 0.24
3.85 0.25
3.85 0.26
3.85 0.27
3.85 0.28
3.85 0.29
3.86 0.01
3.86 0.02
3.86 0.03
3.86 0.04
3.86 0.05
3.86 0.06
3.86 0.07
3.86 0.08
3.86 0.09
3.86 0.1
3.86 0.11
3.86 0.12
3.86 0.13
3.86 0.14
3.86 0.15
3.86 0.16
3.86 0.17
3.86 0.18
3.86 0.19
3.86 0.2
3.86 0.21
3.86 0.22
3.86 0.23
3.86 0.24
3.86 0.25
3.86 0.26
3.86 0.27
3.86 0.28
3.86 0.29
3.87 0.01
3.87 0.02
3.87 0.03
3.87 0.04
3.87 0.05
3.87 0.06
3.87 0.07
3.87 0.08
3.87 0.09
3.87 0.1
3.87 0.11
3.87 0.12
3.87 0.13
3.87 0.14
3.87 0.15
3.87 0.16
3.87 0.17
3.87 0.18
3.87 0.19
3.87 0.2
3.87 0.21
3.87 0.22
3.87 0.23
3.87 0.24
3.87 0.25
3.87 0.26
3.87 0.27
3.87 0.28
3.88 0.01
3.88 0.02
3.88 0.03
3.88 0.04
3.88 0.05
3.88 0.06
3.88 0.07
3.88 0.08
3.88 0.09
3.88 0.1
3.88 0.11
3.88 0.12
3.88 0.13
3.88 0.14
3.88 0.15
3.88 0.16
3.88 0.17
3.88 0.18
3.88 0.19
3.88 0.2
3.88 0.21
3.88 0.22
3.88 0.23
3.88 0.24
3.88 0.25
3.88 0.26
3.88 0.27
3.88 0.28
3.89 0.01
3.89 0.02
3.89 0.03
3.89 0.04
3.89 0.05
3.89 0.06
3.89 0.07
3.89 0.08
3.89 0.09
3.89 0.1
3.89 0.11
3.89 0.12
3.89 0.13
3.89 0.14
3.89 0.15
3.89 0.16
3.89 0.17
3.89 0.18
3.89 0.19
3.89 0.2
3.89 0.21
3.89 0.22
3.89 0.23
3.89 0.24
3.89 0.25
3.89 0.26
3.89 0.27
3.89 0.28
3.89 0.29
3.9 0.01
3.9 0.02
3.9 0.03
3.9 0.04
3.9 0.05
3.9 0.06
3.9 0.07
3.9 0.08
3.9 0.09
3.9 0.1
3.9 0.11
3.9 0.12
3.9 0.13
3.9 0.14
3.9 0.15
3.9 0.16
3.9 0.17
3.9 0.18
3.9 0.19
3.9 0.2
3.9 0.21
3.9 0.22
3.9 0.23
3.9 0.24
3.9 0.25
3.9 0.26
3.9 0.27
3.9 0.28
3.9 0.29
3.91 0.01
3.91 0.02
3.91 0.03
3.91 0.04
3.91 0.05
3.91 0.06
3.91 0.07
3.91 0.08
3.91 0.09
3.91 0.1
3.91 0.11
3.91 0.12
3.91 0.13
3.91 0.14
3.91 0.15
3.91 0.16
3.91 0.17
3.91 0.18
3.91 0.19
3.91 0.2
3.91 0.21
3.91 0.22
3.91 0.23
3.91 0.24
3.91 0.25
3.91 0.26
3.91 0.27
3.91 0.28
3.91 0.29
3.92 0.01
3.92 0.02
3.92 0.03
3.92 0.04
3.92 0.05
3.92 0.06
3.92 0.07
3.92 0.08
3.92 0.09
3.92 0.1
3.92 0.11
3.92 0.12
3.92 0.13
3.92 0.14
3.92 0.15
3.92 0.16
3.92 0.17
3.92 0.18
3.92 0.19
3.92 0.2
3.92 0.21
3.92 0.22
3.92 0.23
3.92 0.24
3.92 0.25
3.92 0.26
3.92 0.27
3.92 0.28
3.92 0.29
3.93 0.01
3.93 0.02
3.93 0.03
3.93 0.04
3.93 0.05
3.93 0.06
3.93 0.07
3.93 0.08
3.93 0.09
3.93 0.1
3.93 0.11
3.93 0.12
3.93 0.13
3.93 0.14
3.93 0.15
3.93 0.16
3.93 0.17
3.93 0.18
3.93 0.19
3.93 0.2
3.93 0.21
3.93 0.22
3.93 0.23
3.93 0.24
3.93 0.25
3.93 0.26
3.93 0.27
3.93 0.28
3.93 0.29
3.94 0.01
3.94 0.02
3.94 0.03
3.94 0.04
3.94 0.05
3.94 0.06
3.94 0.07
3.94 0.08
3.94 0.09
3.94 0.1
3.94 0.11
3.94 0.12
3.94 0.13
3.94 0.14
3.94 0.15
3.94 0.16
3.94 0.17
3.94 0.18
3.94 0.19
3.94 0.2
3.94 0.21
3.94 0.22
3.94 0.23
3.94 0.24
3.94 0.25
3.94 0.26
3.94 0.27
3.94 0.28
3.94 0.29
3.95 0.01
3.95 0.02
3.95 0.03
3.95 0.04
3.95 0.05
3.95 0.06
3.95 0.07
3.95 0.08
3.95 0.09
3.95 0.1
3.95 0.11
3.95 0.12
3.95 0.13
3.95 0.14
3.95 0.15
3.95 0.16
3.95 0.17
3.95 0.18
3.95 0.19
3.95 0.2
3.95 0.21
3.95 0.22
3.95 0.23
3.95 0.24
3.95 0.25
3.95 0.26
3.95 0.27
3.95 0.28
3.95 0.29
3.96 0.01
3.96 0.02
3.96 0.03
3.96 0.04
3.96 0.05
3.96 0.06
3.96 0.07
3.96 0.08
3.96 0.09
3.96 0.1
3.96 0.11
3.96 0.12
3.96 0.13
3.96 0.14
3.96 0.15
3.96 0.16
3.96 0.17
3.96 0.18
3.96 0.19
3.96 0.2
3.96 0.21
3.96 0.22
3.96 0.23
3.96 0.24
3.96 0.25
3.96 0.26
3.96 0.27
3.96 0.28
3.96 0.29
3.97 0.01
3.97 0.02
3.97 0.03
3.97 0.04
3.97 0.05
3.97 0.06
3.97 0.07
3.97 0.08
3.97 0.09
3.97 0.1
3.97 0.11
3.97 0.12
3.97 0.13
3.97 0.14
3.97 0.15
3.97 0.16
3.97 0.17
3.97 0.18
3.97 0.19
3.97 0.2
3.97 0.21
3.97 0.22
3.97 0.23
3.97 0.24
3.97 0.25
3.97 0.26
3.97 0.27
3.97 0.28
3.97 0.29
3.98 0.01
3.98 0.02
3.98 0.03
3.98 0.04
3.98 0.05
3.98 0.06
3.98 0.07
3.98 0.08
3.98 0.09
3.98 0.1
3.98 0.11
3.98 0.12
3.98 0.13
3.98 0.14
3.98 0.15
3.98 0.16
3.98 0.17
3.98 0.18
3.98 0.19
3.98 0.2
3.98 0.21
3.98 0.22
3.98 0.23
3.98 0.24
3.98 0.25
3.98 0.26
3.98 0.27
3.98 0.28
3.98 0.29
3.98 0.3
3.99 0.01
3.99 0.02
3.99 0.03
3.99 0.04
3.99 0.05
3.99 0.06
3.99 0.07
3.99 0.08
3.99 0.09
3.99 0.1
3.99 0.11
3.99 0.12
3.99 0.13
3.99 0.14
3.99 0.15
3.99 0.16
3.99 0.17
3.99 0.18
3.99 0.19
3.99 0.2
3.99 0.21
3.99 0.22
3.99 0.23
3.99 0.24
3.99 0.25
3.99 0.26
3.99 0.27
3.99 0.28
3.99 0.29
3.99 0.3
4 0.01
4 0.02
4 0.03
4 0.04
4 0.05
4 0.06
4 0.07
4 0.08
4 0.09
4 0.1
4 0.11
4 0.12
4 0.13
4 0.14
4 0.15
4 0.16
4 0.17
4 0.18
4 0.19
4 0.2
4 0.21
4 0.22
4 0.23
4 0.24
4 0.25
4 0.26
4 0.27
4 0.28
4 0.29
4 0.3
4.01 0.01
4.01 0.02
4.01 0.03
4.01 0.04
4.01 0.05
4.01 0.06
4.01 0.07
4.01 0.08
4.01 0.09
4.01 0.1
4.01 0.11
4.01 0.12
4.01 0.13
4.01 0.14
4.01 0.15
4.01 0.16
4.01 0.17
4.01 0.18
4.01 0.19
4.01 0.2
4.01 0.21
4.01 0.22
4.01 0.23
4.01 0.24
4.01 0.25
4.01 0.26
4.01 0.27
4.01 0.28
4.01 0.29
4.02 0.01
4.02 0.02
4.02 0.03
4.02 0.04
4.02 0.05
4.02 0.06
4.02 0.07
4.02 0.08
4.02 0.09
4.02 0.1
4.02 0.11
4.02 0.12
4.02 0.13
4.02 0.14
4.02 0.15
4.02 0.16
4.02 0.17
4.02 0.18
4.02 0.19
4.02 0.2
4.02 0.21
4.02 0.22
4.02 0.23
4.02 0.24
4.02 0.25
4.02 0.26
4.02 0.27
4.02 0.28
4.02 0.29
4.02 0.3
4.03 0.01
4.03 0.02
4.03 0.03
4.03 0.04
4.03 0.05
4.03 0.06
4.03 0.07
4.03 0.08
4.03 0.09
4.03 0.1
4.03 0.11
4.03 0.12
4.03 0.13
4.03 0.14
4.03 0.15
4.03 0.16
4.03 0.17
4.03 0.18
4.03 0.19
4.03 0.2
4.03 0.21
4.03 0.22
4.03 0.23
4.03 0.24
4.03 0.25
4.03 0.26
4.03 0.27
4.03 0.28
4.03 0.29
4.03 0.3
4.04 0.01
4.04 0.02
4.04 0.03
4.04 0.04
4.04 0.05
4.04 0.06
4.04 0.07
4.04 0.08
4.04 0.09
4.04 0.1
4.04 0.11
4.04 0.12
4.04 0.13
4.04 0.14
4.04 0.15
4.04 0.16
4.04 0.17
4.04 0.18
4.04 0.19
4.04 0.2
4.04 0.21
4.04 0.22
4.04 0.23
4.04 0.24
4.04 0.25
4.04 0.26
4.04 0.27
4.04 0.28
4.04 0.29
4.04 0.3
4.05 0.01
4.05 0.02
4.05 0.03
4.05 0.04
4.05 0.05
4.05 0.06
4.05 0.07
4.05 0.08
4.05 0.09
4.05 0.1
4.05 0.11
4.05 0.12
4.05 0.13
4.05 0.14
4.05 0.15
4.05 0.16
4.05 0.17
4.05 0.18
4.05 0.19
4.05 0.2
4.05 0.21
4.05 0.22
4.05 0.23
4.05 0.24
4.05 0.25
4.05 0.26
4.05 0.27
4.05 0.28
4.05 0.29
4.05 0.3
4.06 0.01
4.06 0.02
4.06 0.03
4.06 0.04
4.06 0.05
4.06 0.06
4.06 0.07
4.06 0.08
4.06 0.09
4.06 0.1
4.06 0.11
4.06 0.12
4.06 0.13
4.06 0.14
4.06 0.15
4.06 0.16
4.06 0.17
4.06 0.18
4.06 0.19
4.06 0.2
4.06 0.21
4.06 0.22
4.06 0.23
4.06 0.24
4.06 0.25
4.06 0.26
4.06 0.27
4.06 0.28
4.06 0.29
4.06 0.3
4.07 0.01
4.07 0.02
4.07 0.03
4.07 0.04
4.07 0.05
4.07 0.06
4.07 0.07
4.07 0.08
4.07 0.09
4.07 0.1
4.07 0.11
4.07 0.12
4.07 0.13
4.07 0.14
4.07 0.15
4.07 0.16
4.07 0.17
4.07 0.18
4.07 0.19
4.07 0.2
4.07 0.21
4.07 0.22
4.07 0.23
4.07 0.24
4.07 0.25
4.07 0.26
4.07 0.27
4.07 0.28
4.07 0.29
4.07 0.3
4.08 0.01
4.08 0.02
4.08 0.03
4.08 0.04
4.08 0.05
4.08 0.06
4.08 0.07
4.08 0.08
4.08 0.09
4.08 0.1
4.08 0.11
4.08 0.12
4.08 0.13
4.08 0.14
4.08 0.15
4.08 0.16
4.08 0.17
4.08 0.18
4.08 0.19
4.08 0.2
4.08 0.21
4.08 0.22
4.08 0.23
4.08 0.24
4.08 0.25
4.08 0.26
4.08 0.27
4.08 0.28
4.08 0.29
4.08 0.3
4.09 0.01
4.09 0.02
4.09 0.03
4.09 0.04
4.09 0.05
4.09 0.06
4.09 0.07
4.09 0.08
4.09 0.09
4.09 0.1
4.09 0.11
4.09 0.12
4.09 0.13
4.09 0.14
4.09 0.15
4.09 0.16
4.09 0.17
4.09 0.18
4.09 0.19
4.09 0.2
4.09 0.21
4.09 0.22
4.09 0.23
4.09 0.24
4.09 0.25
4.09 0.26
4.09 0.27
4.09 0.28
4.09 0.29
4.09 0.3
4.1 0.01
4.1 0.02
4.1 0.03
4.1 0.04
4.1 0.05
4.1 0.06
4.1 0.07
4.1 0.08
4.1 0.09
4.1 0.1
4.1 0.11
4.1 0.12
4.1 0.13
4.1 0.14
4.1 0.15
4.1 0.16
4.1 0.17
4.1 0.18
4.1 0.19
4.1 0.2
4.1 0.21
4.1 0.22
4.1 0.23
4.1 0.24
4.1 0.25
4.1 0.26
4.1 0.27
4.1 0.28
4.1 0.29
4.1 0.3
4.11 0.01
4.11 0.02
4.11 0.03
4.11 0.04
4.11 0.05
4.11 0.06
4.11 0.07
4.11 0.08
4.11 0.09
4.11 0.1
4.11 0.11
4.11 0.12
4.11 0.13
4.11 0.14
4.11 0.15
4.11 0.16
4.11 0.17
4.11 0.18
4.11 0.19
4.11 0.2
4.11 0.21
4.11 0.22
4.11 0.23
4.11 0.24
4.11 0.25
4.11 0.26
4.11 0.27
4.11 0.28
4.11 0.29
4.11 0.3
4.12 0.01
4.12 0.02
4.12 0.03
4.12 0.04
4.12 0.05
4.12 0.06
4.12 0.07
4.12 0.08
4.12 0.09
4.12 0.1
4.12 0.11
4.12 0.12
4.12 0.13
4.12 0.14
4.12 0.15
4.12 0.16
4.12 0.17
4.12 0.18
4.12 0.19
4.12 0.2
4.12 0.21
4.12 0.22
4.12 0.23
4.12 0.24
4.12 0.25
4.12 0.26
4.12 0.27
4.12 0.28
4.12 0.29
4.12 0.3
4.12 0.31
4.13 0.01
4.13 0.02
4.13 0.03
4.13 0.04
4.13 0.05
4.13 0.06
4.13 0.07
4.13 0.08
4.13 0.09
4.13 0.1
4.13 0.11
4.13 0.12
4.13 0.13
4.13 0.14
4.13 0.15
4.13 0.16
4.13 0.17
4.13 0.18
4.13 0.19
4.13 0.2
4.13 0.21
4.13 0.22
4.13 0.23
4.13 0.24
4.13 0.25
4.13 0.26
4.13 0.27
4.13 0.28
4.13 0.29
4.13 0.3
4.14 0.01
4.14 0.02
4.14 0.03
4.14 0.04
4.14 0.05
4.14 0.06
4.14 0.07
4.14 0.08
4.14 0.09
4.14 0.1
4.14 0.11
4.14 0.12
4.14 0.13
4.14 0.14
4.14 0.15
4.14 0.16
4.14 0.17
4.14 0.18
4.14 0.19
4.14 0.2
4.14 0.21
4.14 0.22
4.14 0.23
4.14 0.24
4.14 0.25
4.14 0.26
4.14 0.27
4.14 0.28
4.14 0.29
4.14 0.3
4.14 0.31
4.15 0.01
4.15 0.02
4.15 0.03
4.15 0.04
4.15 0.05
4.15 0.06
4.15 0.07
4.15 0.08
4.15 0.09
4.15 0.1
4.15 0.11
4.15 0.12
4.15 0.13
4.15 0.14
4.15 0.15
4.15 0.16
4.15 0.17
4.15 0.18
4.15 0.19
4.15 0.2
4.15 0.21
4.15 0.22
4.15 0.23
4.15 0.24
4.15 0.25
4.15 0.26
4.15 0.27
4.15 0.28
4.15 0.29
4.15 0.3
4.16 0.01
4.16 0.02
4.16 0.03
4.16 0.04
4.16 0.05
4.16 0.06
4.16 0.07
4.16 0.08
4.16 0.09
4.16 0.1
4.16 0.11
4.16 0.12
4.16 0.13
4.16 0.14
4.16 0.15
4.16 0.16
4.16 0.17
4.16 0.18
4.16 0.19
4.16 0.2
4.16 0.21
4.16 0.22
4.16 0.23
4.16 0.24
4.16 0.25
4.16 0.26
4.16 0.27
4.16 0.28
4.16 0.29
4.16 0.3
4.16 0.31
4.17 0.01
4.17 0.02
4.17 0.03
4.17 0.04
4.17 0.05
4.17 0.06
4.17 0.07
4.17 0.08
4.17 0.09
4.17 0.1
4.17 0.11
4.17 0.12
4.17 0.13
4.17 0.14
4.17 0.15
4.17 0.16
4.17 0.17
4.17 0.18
4.17 0.19
4.17 0.2
4.17 0.21
4.17 0.22
4.17 0.23
4.17 0.24
4.17 0.25
4.17 0.26
4.17 0.27
4.17 0.28
4.17 0.29
4.17 0.3
4.17 0.31
4.18 0.01
4.18 0.02
4.18 0.03
4.18 0.04
4.18 0.05
4.18 0.06
4.18 0.07
4.18 0.08
4.18 0.09
4.18 0.1
4.18 0.11
4.18 0.12
4.18 0.13
4.18 0.14
4.18 0.15
4.18 0.16
4.18 0.17
4.18 0.18
4.18 0.19
4.18 0.2
4.18 0.21
4.18 0.22
4.18 0.23
4.18 0.24
4.18 0.25
4.18 0.26
4.18 0.27
4.18 0.28
4.18 0.29
4.18 0.3
4.18 0.31
4.19 0.01
4.19 0.02
4.19 0.03
4.19 0.04
4.19 0.05
4.19 0.06
4.19 0.07
4.19 0.08
4.19 0.09
4.19 0.1
4.19 0.11
4.19 0.12
4.19 0.13
4.19 0.14
4.19 0.15
4.19 0.16
4.19 0.17
4.19 0.18
4.19 0.19
4.19 0.2
4.19 0.21
4.19 0.22
4.19 0.23
4.19 0.24
4.19 0.25
4.19 0.26
4.19 0.27
4.19 0.28
4.19 0.29
4.19 0.3
4.19 0.31
4.2 0.01
4.2 0.02
4.2 0.03
4.2 0.04
4.2 0.05
4.2 0.06
4.2 0.07
4.2 0.08
4.2 0.09
4.2 0.1
4.2 0.11
4.2 0.12
4.2 0.13
4.2 0.14
4.2 0.15
4.2 0.16
4.2 0.17
4.2 0.18
4.2 0.19
4.2 0.2
4.2 0.21
4.2 0.22
4.2 0.23
4.2 0.24
4.2 0.25
4.2 0.26
4.2 0.27
4.2 0.28
4.2 0.29
4.2 0.3
4.2 0.31
4.21 0.01
4.21 0.02
4.21 0.03
4.21 0.04
4.21 0.05
4.21 0.06
4.21 0.07
4.21 0.08
4.21 0.09
4.21 0.1
4.21 0.11
4.21 0.12
4.21 0.13
4.21 0.14
4.21 0.15
4.21 0.16
4.21 0.17
4.21 0.18
4.21 0.19
4.21 0.2
4.21 0.21
4.21 0.22
4.21 0.23
4.21 0.24
4.21 0.25
4.21 0.26
4.21 0.27
4.21 0.28
4.21 0.29
4.21 0.3
4.21 0.31
4.22 0.01
4.22 0.02
4.22 0.03
4.22 0.04
4.22 0.05
4.22 0.06
4.22 0.07
4.22 0.08
4.22 0.09
4.22 0.1
4.22 0.11
4.22 0.12
4.22 0.13
4.22 0.14
4.22 0.15
4.22 0.16
4.22 0.17
4.22 0.18
4.22 0.19
4.22 0.2
4.22 0.21
4.22 0.22
4.22 0.23
4.22 0.24
4.22 0.25
4.22 0.26
4.22 0.27
4.22 0.28
4.22 0.29
4.22 0.3
4.22 0.31
4.23 0.01
4.23 0.02
4.23 0.03
4.23 0.04
4.23 0.05
4.23 0.06
4.23 0.07
4.23 0.08
4.23 0.09
4.23 0.1
4.23 0.11
4.23 0.12
4.23 0.13
4.23 0.14
4.23 0.15
4.23 0.16
4.23 0.17
4.23 0.18
4.23 0.19
4.23 0.2
4.23 0.21
4.23 0.22
4.23 0.23
4.23 0.24
4.23 0.25
4.23 0.26
4.23 0.27
4.23 0.28
4.23 0.29
4.23 0.3
4.23 0.31
4.24 0.01
4.24 0.02
4.24 0.03
4.24 0.04
4.24 0.05
4.24 0.06
4.24 0.07
4.24 0.08
4.24 0.09
4.24 0.1
4.24 0.11
4.24 0.12
4.24 0.13
4.24 0.14
4.24 0.15
4.24 0.16
4.24 0.17
4.24 0.18
4.24 0.19
4.24 0.2
4.24 0.21
4.24 0.22
4.24 0.23
4.24 0.24
4.24 0.25
4.24 0.26
4.24 0.27
4.24 0.28
4.24 0.29
4.24 0.3
4.24 0.31
4.24 0.32
4.25 0.01
4.25 0.02
4.25 0.03
4.25 0.04
4.25 0.05
4.25 0.06
4.25 0.07
4.25 0.08
4.25 0.09
4.25 0.1
4.25 0.11
4.25 0.12
4.25 0.13
4.25 0.14
4.25 0.15
4.25 0.16
4.25 0.17
4.25 0.18
4.25 0.19
4.25 0.2
4.25 0.21
4.25 0.22
4.25 0.23
4.25 0.24
4.25 0.25
4.25 0.26
4.25 0.27
4.25 0.28
4.25 0.29
4.25 0.3
4.25 0.31
4.25 0.32
4.26 0.01
4.26 0.02
4.26 0.03
4.26 0.04
4.26 0.05
4.26 0.06
4.26 0.07
4.26 0.08
4.26 0.09
4.26 0.1
4.26 0.11
4.26 0.12
4.26 0.13
4.26 0.14
4.26 0.15
4.26 0.16
4.26 0.17
4.26 0.18
4.26 0.19
4.26 0.2
4.26 0.21
4.26 0.22
4.26 0.23
4.26 0.24
4.26 0.25
4.26 0.26
4.26 0.27
4.26 0.28
4.26 0.29
4.26 0.3
4.26 0.31
4.27 0.01
4.27 0.02
4.27 0.03
4.27 0.04
4.27 0.05
4.27 0.06
4.27 0.07
4.27 0.08
4.27 0.09
4.27 0.1
4.27 0.11
4.27 0.12
4.27 0.13
4.27 0.14
4.27 0.15
4.27 0.16
4.27 0.17
4.27 0.18
4.27 0.19
4.27 0.2
4.27 0.21
4.27 0.22
4.27 0.23
4.27 0.24
4.27 0.25
4.27 0.26
4.27 0.27
4.27 0.28
4.27 0.29
4.27 0.3
4.27 0.31
4.28 0.01
4.28 0.02
4.28 0.03
4.28 0.04
4.28 0.05
4.28 0.06
4.28 0.07
4.28 0.08
4.28 0.09
4.28 0.1
4.28 0.11
4.28 0.12
4.28 0.13
4.28 0.14
4.28 0.15
4.28 0.16
4.28 0.17
4.28 0.18
4.28 0.19
4.28 0.2
4.28 0.21
4.28 0.22
4.28 0.23
4.28 0.24
4.28 0.25
4.28 0.26
4.28 0.27
4.28 0.28
4.28 0.29
4.28 0.3
4.28 0.31
4.29 0.01
4.29 0.02
4.29 0.03
4.29 0.04
4.29 0.05
4.29 0.06
4.29 0.07
4.29 0.08
4.29 0.09
4.29 0.1
4.29 0.11
4.29 0.12
4.29 0.13
4.29 0.14
4.29 0.15
4.29 0.16
4.29 0.17
4.29 0.18
4.29 0.19
4.29 0.2
4.29 0.21
4.29 0.22
4.29 0.23
4.29 0.24
4.29 0.25
4.29 0.26
4.29 0.27
4.29 0.28
4.29 0.29
4.29 0.3
4.29 0.31
4.29 0.32
4.3 0.01
4.3 0.02
4.3 0.03
4.3 0.04
4.3 0.05
4.3 0.06
4.3 0.07
4.3 0.08
4.3 0.09
4.3 0.1
4.3 0.11
4.3 0.12
4.3 0.13
4.3 0.14
4.3 0.15
4.3 0.16
4.3 0.17
4.3 0.18
4.3 0.19
4.3 0.2
4.3 0.21
4.3 0.22
4.3 0.23
4.3 0.24
4.3 0.25
4.3 0.26
4.3 0.27
4.3 0.28
4.3 0.29
4.3 0.3
4.3 0.31
4.3 0.32
4.31 0.01
4.31 0.02
4.31 0.03
4.31 0.04
4.31 0.05
4.31 0.06
4.31 0.07
4.31 0.08
4.31 0.09
4.31 0.1
4.31 0.11
4.31 0.12
4.31 0.13
4.31 0.14
4.31 0.15
4.31 0.16
4.31 0.17
4.31 0.18
4.31 0.19
4.31 0.2
4.31 0.21
4.31 0.22
4.31 0.23
4.31 0.24
4.31 0.25
4.31 0.26
4.31 0.27
4.31 0.28
4.31 0.29
4.31 0.3
4.31 0.31
4.31 0.32
4.32 0.01
4.32 0.02
4.32 0.03
4.32 0.04
4.32 0.05
4.32 0.06
4.32 0.07
4.32 0.08
4.32 0.09
4.32 0.1
4.32 0.11
4.32 0.12
4.32 0.13
4.32 0.14
4.32 0.15
4.32 0.16
4.32 0.17
4.32 0.18
4.32 0.19
4.32 0.2
4.32 0.21
4.32 0.22
4.32 0.23
4.32 0.24
4.32 0.25
4.32 0.26
4.32 0.27
4.32 0.28
4.32 0.29
4.32 0.3
4.32 0.31
4.32 0.32
4.33 0.01
4.33 0.02
4.33 0.03
4.33 0.04
4.33 0.05
4.33 0.06
4.33 0.07
4.33 0.08
4.33 0.09
4.33 0.1
4.33 0.11
4.33 0.12
4.33 0.13
4.33 0.14
4.33 0.15
4.33 0.16
4.33 0.17
4.33 0.18
4.33 0.19
4.33 0.2
4.33 0.21
4.33 0.22
4.33 0.23
4.33 0.24
4.33 0.25
4.33 0.26
4.33 0.27
4.33 0.28
4.33 0.29
4.33 0.3
4.33 0.31
4.33 0.32
4.34 0.01
4.34 0.02
4.34 0.03
4.34 0.04
4.34 0.05
4.34 0.06
4.34 0.07
4.34 0.08
4.34 0.09
4.34 0.1
4.34 0.11
4.34 0.12
4.34 0.13
4.34 0.14
4.34 0.15
4.34 0.16
4.34 0.17
4.34 0.18
4.34 0.19
4.34 0.2
4.34 0.21
4.34 0.22
4.34 0.23
4.34 0.24
4.34 0.25
4.34 0.26
4.34 0.27
4.34 0.28
4.34 0.29
4.34 0.3
4.34 0.31
4.34 0.32
4.35 0.01
4.35 0.02
4.35 0.03
4.35 0.04
4.35 0.05
4.35 0.06
4.35 0.07
4.35 0.08
4.35 0.09
4.35 0.1
4.35 0.11
4.35 0.12
4.35 0.13
4.35 0.14
4.35 0.15
4.35 0.16
4.35 0.17
4.35 0.18
4.35 0.19
4.35 0.2
4.35 0.21
4.35 0.22
4.35 0.23
4.35 0.24
4.35 0.25
4.35 0.26
4.35 0.27
4.35 0.28
4.35 0.29
4.35 0.3
4.35 0.31
4.35 0.32
4.36 0.01
4.36 0.02
4.36 0.03
4.36 0.04
4.36 0.05
4.36 0.06
4.36 0.07
4.36 0.08
4.36 0.09
4.36 0.1
4.36 0.11
4.36 0.12
4.36 0.13
4.36 0.14
4.36 0.15
4.36 0.16
4.36 0.17
4.36 0.18
4.36 0.19
4.36 0.2
4.36 0.21
4.36 0.22
4.36 0.23
4.36 0.24
4.36 0.25
4.36 0.26
4.36 0.27
4.36 0.28
4.36 0.29
4.36 0.3
4.36 0.31
4.36 0.32
4.37 0.01
4.37 0.02
4.37 0.03
4.37 0.04
4.37 0.05
4.37 0.06
4.37 0.07
4.37 0.08
4.37 0.09
4.37 0.1
4.37 0.11
4.37 0.12
4.37 0.13
4.37 0.14
4.37 0.15
4.37 0.16
4.37 0.17
4.37 0.18
4.37 0.19
4.37 0.2
4.37 0.21
4.37 0.22
4.37 0.23
4.37 0.24
4.37 0.25
4.37 0.26
4.37 0.27
4.37 0.28
4.37 0.29
4.37 0.3
4.37 0.31
4.37 0.32
4.38 0.01
4.38 0.02
4.38 0.03
4.38 0.04
4.38 0.05
4.38 0.06
4.38 0.07
4.38 0.08
4.38 0.09
4.38 0.1
4.38 0.11
4.38 0.12
4.38 0.13
4.38 0.14
4.38 0.15
4.38 0.16
4.38 0.17
4.38 0.18
4.38 0.19
4.38 0.2
4.38 0.21
4.38 0.22
4.38 0.23
4.38 0.24
4.38 0.25
4.38 0.26
4.38 0.27
4.38 0.28
4.38 0.29
4.38 0.3
4.38 0.31
4.38 0.32
4.39 0.01
4.39 0.02
4.39 0.03
4.39 0.04
4.39 0.05
4.39 0.06
4.39 0.07
4.39 0.08
4.39 0.09
4.39 0.1
4.39 0.11
4.39 0.12
4.39 0.13
4.39 0.14
4.39 0.15
4.39 0.16
4.39 0.17
4.39 0.18
4.39 0.19
4.39 0.2
4.39 0.21
4.39 0.22
4.39 0.23
4.39 0.24
4.39 0.25
4.39 0.26
4.39 0.27
4.39 0.28
4.39 0.29
4.39 0.3
4.39 0.31
4.39 0.32
4.39 0.33
4.4 0.01
4.4 0.02
4.4 0.03
4.4 0.04
4.4 0.05
4.4 0.06
4.4 0.07
4.4 0.08
4.4 0.09
4.4 0.1
4.4 0.11
4.4 0.12
4.4 0.13
4.4 0.14
4.4 0.15
4.4 0.16
4.4 0.17
4.4 0.18
4.4 0.19
4.4 0.2
4.4 0.21
4.4 0.22
4.4 0.23
4.4 0.24
4.4 0.25
4.4 0.26
4.4 0.27
4.4 0.28
4.4 0.29
4.4 0.3
4.4 0.31
4.4 0.32
4.4 0.33
4.41 0.01
4.41 0.02
4.41 0.03
4.41 0.04
4.41 0.05
4.41 0.06
4.41 0.07
4.41 0.08
4.41 0.09
4.41 0.1
4.41 0.11
4.41 0.12
4.41 0.13
4.41 0.14
4.41 0.15
4.41 0.16
4.41 0.17
4.41 0.18
4.41 0.19
4.41 0.2
4.41 0.21
4.41 0.22
4.41 0.23
4.41 0.24
4.41 0.25
4.41 0.26
4.41 0.27
4.41 0.28
4.41 0.29
4.41 0.3
4.41 0.31
4.41 0.32
4.42 0.01
4.42 0.02
4.42 0.03
4.42 0.04
4.42 0.05
4.42 0.06
4.42 0.07
4.42 0.08
4.42 0.09
4.42 0.1
4.42 0.11
4.42 0.12
4.42 0.13
4.42 0.14
4.42 0.15
4.42 0.16
4.42 0.17
4.42 0.18
4.42 0.19
4.42 0.2
4.42 0.21
4.42 0.22
4.42 0.23
4.42 0.24
4.42 0.25
4.42 0.26
4.42 0.27
4.42 0.28
4.42 0.29
4.42 0.3
4.42 0.31
4.42 0.32
4.42 0.33
4.43 0.01
4.43 0.02
4.43 0.03
4.43 0.04
4.43 0.05
4.43 0.06
4.43 0.07
4.43 0.08
4.43 0.09
4.43 0.1
4.43 0.11
4.43 0.12
4.43 0.13
4.43 0.14
4.43 0.15
4.43 0.16
4.43 0.17
4.43 0.18
4.43 0.19
4.43 0.2
4.43 0.21
4.43 0.22
4.43 0.23
4.43 0.24
4.43 0.25
4.43 0.26
4.43 0.27
4.43 0.28
4.43 0.29
4.43 0.3
4.43 0.31
4.43 0.32
4.43 0.33
4.44 0.01
4.44 0.02
4.44 0.03
4.44 0.04
4.44 0.05
4.44 0.06
4.44 0.07
4.44 0.08
4.44 0.09
4.44 0.1
4.44 0.11
4.44 0.12
4.44 0.13
4.44 0.14
4.44 0.15
4.44 0.16
4.44 0.17
4.44 0.18
4.44 0.19
4.44 0.2
4.44 0.21
4.44 0.22
4.44 0.23
4.44 0.24
4.44 0.25
4.44 0.26
4.44 0.27
4.44 0.28
4.44 0.29
4.44 0.3
4.44 0.31
4.44 0.32
4.44 0.33
4.45 0.01
4.45 0.02
4.45 0.03
4.45 0.04
4.45 0.05
4.45 0.06
4.45 0.07
4.45 0.08
4.45 0.09
4.45 0.1
4.45 0.11
4.45 0.12
4.45 0.13
4.45 0.14
4.45 0.15
4.45 0.16
4.45 0.17
4.45 0.18
4.45 0.19
4.45 0.2
4.45 0.21
4.45 0.22
4.45 0.23
4.45 0.24
4.45 0.25
4.45 0.26
4.45 0.27
4.45 0.28
4.45 0.29
4.45 0.3
4.45 0.31
4.45 0.32
4.45 0.33
4.46 0.01
4.46 0.02
4.46 0.03
4.46 0.04
4.46 0.05
4.46 0.06
4.46 0.07
4.46 0.08
4.46 0.09
4.46 0.1
4.46 0.11
4.46 0.12
4.46 0.13
4.46 0.14
4.46 0.15
4.46 0.16
4.46 0.17
4.46 0.18
4.46 0.19
4.46 0.2
4.46 0.21
4.46 0.22
4.46 0.23
4.46 0.24
4.46 0.25
4.46 0.26
4.46 0.27
4.46 0.28
4.46 0.29
4.46 0.3
4.46 0.31
4.46 0.32
4.46 0.33
4.47 0.01
4.47 0.02
4.47 0.03
4.47 0.04
4.47 0.05
4.47 0.06
4.47 0.07
4.47 0.08
4.47 0.09
4.47 0.1
4.47 0.11
4.47 0.12
4.47 0.13
4.47 0.14
4.47 0.15
4.47 0.16
4.47 0.17
4.47 0.18
4.47 0.19
4.47 0.2
4.47 0.21
4.47 0.22
4.47 0.23
4.47 0.24
4.47 0.25
4.47 0.26
4.47 0.27
4.47 0.28
4.47 0.29
4.47 0.3
4.47 0.31
4.47 0.32
4.47 0.33
4.48 0.01
4.48 0.02
4.48 0.03
4.48 0.04
4.48 0.05
4.48 0.06
4.48 0.07
4.48 0.08
4.48 0.09
4.48 0.1
4.48 0.11
4.48 0.12
4.48 0.13
4.48 0.14
4.48 0.15
4.48 0.16
4.48 0.17
4.48 0.18
4.48 0.19
4.48 0.2
4.48 0.21
4.48 0.22
4.48 0.23
4.48 0.24
4.48 0.25
4.48 0.26
4.48 0.27
4.48 0.28
4.48 0.29
4.48 0.3
4.48 0.31
4.48 0.32
4.48 0.33
4.49 0.01
4.49 0.02
4.49 0.03
4.49 0.04
4.49 0.05
4.49 0.06
4.49 0.07
4.49 0.08
4.49 0.09
4.49 0.1
4.49 0.11
4.49 0.12
4.49 0.13
4.49 0.14
4.49 0.15
4.49 0.16
4.49 0.17
4.49 0.18
4.49 0.19
4.49 0.2
4.49 0.21
4.49 0.22
4.49 0.23
4.49 0.24
4.49 0.25
4.49 0.26
4.49 0.27
4.49 0.28
4.49 0.29
4.49 0.3
4.49 0.31
4.49 0.32
4.49 0.33
4.5 0.01
4.5 0.02
4.5 0.03
4.5 0.04
4.5 0.05
4.5 0.06
4.5 0.07
4.5 0.08
4.5 0.09
4.5 0.1
4.5 0.11
4.5 0.12
4.5 0.13
4.5 0.14
4.5 0.15
4.5 0.16
4.5 0.17
4.5 0.18
4.5 0.19
4.5 0.2
4.5 0.21
4.5 0.22
4.5 0.23
4.5 0.24
4.5 0.25
4.5 0.26
4.5 0.27
4.5 0.28
4.5 0.29
4.5 0.3
4.5 0.31
4.5 0.32
4.5 0.33
4.51 0.01
4.51 0.02
4.51 0.03
4.51 0.04
4.51 0.05
4.51 0.06
4.51 0.07
4.51 0.08
4.51 0.09
4.51 0.1
4.51 0.11
4.51 0.12
4.51 0.13
4.51 0.14
4.51 0.15
4.51 0.16
4.51 0.17
4.51 0.18
4.51 0.19
4.51 0.2
4.51 0.21
4.51 0.22
4.51 0.23
4.51 0.24
4.51 0.25
4.51 0.26
4.51 0.27
4.51 0.28
4.51 0.29
4.51 0.3
4.51 0.31
4.51 0.32
4.51 0.33
4.52 0.01
4.52 0.02
4.52 0.03
4.52 0.04
4.52 0.05
4.52 0.06
4.52 0.07
4.52 0.08
4.52 0.09
4.52 0.1
4.52 0.11
4.52 0.12
4.52 0.13
4.52 0.14
4.52 0.15
4.52 0.16
4.52 0.17
4.52 0.18
4.52 0.19
4.52 0.2
4.52 0.21
4.52 0.22
4.52 0.23
4.52 0.24
4.52 0.25
4.52 0.26
4.52 0.27
4.52 0.28
4.52 0.29
4.52 0.3
4.52 0.31
4.52 0.32
4.52 0.33
4.53 0.01
4.53 0.02
4.53 0.03
4.53 0.04
4.53 0.05
4.53 0.06
4.53 0.07
4.53 0.08
4.53 0.09
4.53 0.1
4.53 0.11
4.53 0.12
4.53 0.13
4.53 0.14
4.53 0.15
4.53 0.16
4.53 0.17
4.53 0.18
4.53 0.19
4.53 0.2
4.53 0.21
4.53 0.22
4.53 0.23
4.53 0.24
4.53 0.25
4.53 0.26
4.53 0.27
4.53 0.28
4.53 0.29
4.53 0.3
4.53 0.31
4.53 0.32
4.53 0.33
4.53 0.34
4.54 0.01
4.54 0.02
4.54 0.03
4.54 0.04
4.54 0.05
4.54 0.06
4.54 0.07
4.54 0.08
4.54 0.09
4.54 0.1
4.54 0.11
4.54 0.12
4.54 0.13
4.54 0.14
4.54 0.15
4.54 0.16
4.54 0.17
4.54 0.18
4.54 0.19
4.54 0.2
4.54 0.21
4.54 0.22
4.54 0.23
4.54 0.24
4.54 0.25
4.54 0.26
4.54 0.27
4.54 0.28
4.54 0.29
4.54 0.3
4.54 0.31
4.54 0.32
4.54 0.33
4.54 0.34
4.55 0.01
4.55 0.02
4.55 0.03
4.55 0.04
4.55 0.05
4.55 0.06
4.55 0.07
4.55 0.08
4.55 0.09
4.55 0.1
4.55 0.11
4.55 0.12
4.55 0.13
4.55 0.14
4.55 0.15
4.55 0.16
4.55 0.17
4.55 0.18
4.55 0.19
4.55 0.2
4.55 0.21
4.55 0.22
4.55 0.23
4.55 0.24
4.55 0.25
4.55 0.26
4.55 0.27
4.55 0.28
4.55 0.29
4.55 0.3
4.55 0.31
4.55 0.32
4.55 0.33
4.56 0.01
4.56 0.02
4.56 0.03
4.56 0.04
4.56 0.05
4.56 0.06
4.56 0.07
4.56 0.08
4.56 0.09
4.56 0.1
4.56 0.11
4.56 0.12
4.56 0.13
4.56 0.14
4.56 0.15
4.56 0.16
4.56 0.17
4.56 0.18
4.56 0.19
4.56 0.2
4.56 0.21
4.56 0.22
4.56 0.23
4.56 0.24
4.56 0.25
4.56 0.26
4.56 0.27
4.56 0.28
4.56 0.29
4.56 0.3
4.56 0.31
4.56 0.32
4.56 0.33
4.56 0.34
4.57 0.01
4.57 0.02
4.57 0.03
4.57 0.04
4.57 0.05
4.57 0.06
4.57 0.07
4.57 0.08
4.57 0.09
4.57 0.1
4.57 0.11
4.57 0.12
4.57 0.13
4.57 0.14
4.57 0.15
4.57 0.16
4.57 0.17
4.57 0.18
4.57 0.19
4.57 0.2
4.57 0.21
4.57 0.22
4.57 0.23
4.57 0.24
4.57 0.25
4.57 0.26
4.57 0.27
4.57 0.28
4.57 0.29
4.57 0.3
4.57 0.31
4.57 0.32
4.57 0.33
4.57 0.34
4.58 0.01
4.58 0.02
4.58 0.03
4.58 0.04
4.58 0.05
4.58 0.06
4.58 0.07
4.58 0.08
4.58 0.09
4.58 0.1
4.58 0.11
4.58 0.12
4.58 0.13
4.58 0.14
4.58 0.15
4.58 0.16
4.58 0.17
4.58 0.18
4.58 0.19
4.58 0.2
4.58 0.21
4.58 0.22
4.58 0.23
4.58 0.24
4.58 0.25
4.58 0.26
4.58 0.27
4.58 0.28
4.58 0.29
4.58 0.3
4.58 0.31
4.58 0.32
4.58 0.33
4.58 0.34
4.59 0.01
4.59 0.02
4.59 0.03
4.59 0.04
4.59 0.05
4.59 0.06
4.59 0.07
4.59 0.08
4.59 0.09
4.59 0.1
4.59 0.11
4.59 0.12
4.59 0.13
4.59 0.14
4.59 0.15
4.59 0.16
4.59 0.17
4.59 0.18
4.59 0.19
4.59 0.2
4.59 0.21
4.59 0.22
4.59 0.23
4.59 0.24
4.59 0.25
4.59 0.26
4.59 0.27
4.59 0.28
4.59 0.29
4.59 0.3
4.59 0.31
4.59 0.32
4.59 0.33
4.59 0.34
4.6 0.01
4.6 0.02
4.6 0.03
4.6 0.04
4.6 0.05
4.6 0.06
4.6 0.07
4.6 0.08
4.6 0.09
4.6 0.1
4.6 0.11
4.6 0.12
4.6 0.13
4.6 0.14
4.6 0.15
4.6 0.16
4.6 0.17
4.6 0.18
4.6 0.19
4.6 0.2
4.6 0.21
4.6 0.22
4.6 0.23
4.6 0.24
4.6 0.25
4.6 0.26
4.6 0.27
4.6 0.28
4.6 0.29
4.6 0.3
4.6 0.31
4.6 0.32
4.6 0.33
4.6 0.34
4.61 0.01
4.61 0.02
4.61 0.03
4.61 0.04
4.61 0.05
4.61 0.06
4.61 0.07
4.61 0.08
4.61 0.09
4.61 0.1
4.61 0.11
4.61 0.12
4.61 0.13
4.61 0.14
4.61 0.15
4.61 0.16
4.61 0.17
4.61 0.18
4.61 0.19
4.61 0.2
4.61 0.21
4.61 0.22
4.61 0.23
4.61 0.24
4.61 0.25
4.61 0.26
4.61 0.27
4.61 0.28
4.61 0.29
4.61 0.3
4.61 0.31
4.61 0.32
4.61 0.33
4.61 0.34
4.62 0.01
4.62 0.02
4.62 0.03
4.62 0.04
4.62 0.05
4.62 0.06
4.62 0.07
4.62 0.08
4.62 0.09
4.62 0.1
4.62 0.11
4.62 0.12
4.62 0.13
4.62 0.14
4.62 0.15
4.62 0.16
4.62 0.17
4.62 0.18
4.62 0.19
4.62 0.2
4.62 0.21
4.62 0.22
4.62 0.23
4.62 0.24
4.62 0.25
4.62 0.26
4.62 0.27
4.62 0.28
4.62 0.29
4.62 0.3
4.62 0.31
4.62 0.32
4.62 0.33
4.62 0.34
4.63 0.01
4.63 0.02
4.63 0.03
4.63 0.04
4.63 0.05
4.63 0.06
4.63 0.07
4.63 0.08
4.63 0.09
4.63 0.1
4.63 0.11
4.63 0.12
4.63 0.13
4.63 0.14
4.63 0.15
4.63 0.16
4.63 0.17
4.63 0.18
4.63 0.19
4.63 0.2
4.63 0.21
4.63 0.22
4.63 0.23
4.63 0.24
4.63 0.25
4.63 0.26
4.63 0.27
4.63 0.28
4.63 0.29
4.63 0.3
4.63 0.31
4.63 0.32
4.63 0.33
4.63 0.34
4.64 0.01
4.64 0.02
4.64 0.03
4.64 0.04
4.64 0.05
4.64 0.06
4.64 0.07
4.64 0.08
4.64 0.09
4.64 0.1
4.64 0.11
4.64 0.12
4.64 0.13
4.64 0.14
4.64 0.15
4.64 0.16
4.64 0.17
4.64 0.18
4.64 0.19
4.64 0.2
4.64 0.21
4.64 0.22
4.64 0.23
4.64 0.24
4.64 0.25
4.64 0.26
4.64 0.27
4.64 0.28
4.64 0.29
4.64 0.3
4.64 0.31
4.64 0.32
4.64 0.33
4.64 0.34
4.64 0.35
4.65 0.01
4.65 0.02
4.65 0.03
4.65 0.04
4.65 0.05
4.65 0.06
4.65 0.07
4.65 0.08
4.65 0.09
4.65 0.1
4.65 0.11
4.65 0.12
4.65 0.13
4.65 0.14
4.65 0.15
4.65 0.16
4.65 0.17
4.65 0.18
4.65 0.19
4.65 0.2
4.65 0.21
4.65 0.22
4.65 0.23
4.65 0.24
4.65 0.25
4.65 0.26
4.65 0.27
4.65 0.28
4.65 0.29
4.65 0.3
4.65 0.31
4.65 0.32
4.65 0.33
4.65 0.34
4.66 0.01
4.66 0.02
4.66 0.03
4.66 0.04
4.66 0.05
4.66 0.06
4.66 0.07
4.66 0.08
4.66 0.09
4.66 0.1
4.66 0.11
4.66 0.12
4.66 0.13
4.66 0.14
4.66 0.15
4.66 0.16
4.66 0.17
4.66 0.18
4.66 0.19
4.66 0.2
4.66 0.21
4.66 0.22
4.66 0.23
4.66 0.24
4.66 0.25
4.66 0.26
4.66 0.27
4.66 0.28
4.66 0.29
4.66 0.3
4.66 0.31
4.66 0.32
4.66 0.33
4.66 0.34
4.67 0.01
4.67 0.02
4.67 0.03
4.67 0.04
4.67 0.05
4.67 0.06
4.67 0.07
4.67 0.08
4.67 0.09
4.67 0.1
4.67 0.11
4.67 0.12
4.67 0.13
4.67 0.14
4.67 0.15
4.67 0.16
4.67 0.17
4.67 0.18
4.67 0.19
4.67 0.2
4.67 0.21
4.67 0.22
4.67 0.23
4.67 0.24
4.67 0.25
4.67 0.26
4.67 0.27
4.67 0.28
4.67 0.29
4.67 0.3
4.67 0.31
4.67 0.32
4.67 0.33
4.67 0.34
4.67 0.35
4.68 0.01
4.68 0.02
4.68 0.03
4.68 0.04
4.68 0.05
4.68 0.06
4.68 0.07
4.68 0.08
4.68 0.09
4.68 0.1
4.68 0.11
4.68 0.12
4.68 0.13
4.68 0.14
4.68 0.15
4.68 0.16
4.68 0.17
4.68 0.18
4.68 0.19
4.68 0.2
4.68 0.21
4.68 0.22
4.68 0.23
4.68 0.24
4.68 0.25
4.68 0.26
4.68 0.27
4.68 0.28
4.68 0.29
4.68 0.3
4.68 0.31
4.68 0.32
4.68 0.33
4.68 0.34
4.68 0.35
4.69 0.01
4.69 0.02
4.69 0.03
4.69 0.04
4.69 0.05
4.69 0.06
4.69 0.07
4.69 0.08
4.69 0.09
4.69 0.1
4.69 0.11
4.69 0.12
4.69 0.13
4.69 0.14
4.69 0.15
4.69 0.16
4.69 0.17
4.69 0.18
4.69 0.19
4.69 0.2
4.69 0.21
4.69 0.22
4.69 0.23
4.69 0.24
4.69 0.25
4.69 0.26
4.69 0.27
4.69 0.28
4.69 0.29
4.69 0.3
4.69 0.31
4.69 0.32
4.69 0.33
4.69 0.34
4.69 0.35
4.7 0.01
4.7 0.02
4.7 0.03
4.7 0.04
4.7 0.05
4.7 0.06
4.7 0.07
4.7 0.08
4.7 0.09
4.7 0.1
4.7 0.11
4.7 0.12
4.7 0.13
4.7 0.14
4.7 0.15
4.7 0.16
4.7 0.17
4.7 0.18
4.7 0.19
4.7 0.2
4.7 0.21
4.7 0.22
4.7 0.23
4.7 0.24
4.7 0.25
4.7 0.26
4.7 0.27
4.7 0.28
4.7 0.29
4.7 0.3
4.7 0.31
4.7 0.32
4.7 0.33
4.7 0.34
4.7 0.35
4.71 0.01
4.71 0.02
4.71 0.03
4.71 0.04
4.71 0.05
4.71 0.06
4.71 0.07
4.71 0.08
4.71 0.09
4.71 0.1
4.71 0.11
4.71 0.12
4.71 0.13
4.71 0.14
4.71 0.15
4.71 0.16
4.71 0.17
4.71 0.18
4.71 0.19
4.71 0.2
4.71 0.21
4.71 0.22
4.71 0.23
4.71 0.24
4.71 0.25
4.71 0.26
4.71 0.27
4.71 0.28
4.71 0.29
4.71 0.3
4.71 0.31
4.71 0.32
4.71 0.33
4.71 0.34
4.71 0.35
4.72 0.01
4.72 0.02
4.72 0.03
4.72 0.04
4.72 0.05
4.72 0.06
4.72 0.07
4.72 0.08
4.72 0.09
4.72 0.1
4.72 0.11
4.72 0.12
4.72 0.13
4.72 0.14
4.72 0.15
4.72 0.16
4.72 0.17
4.72 0.18
4.72 0.19
4.72 0.2
4.72 0.21
4.72 0.22
4.72 0.23
4.72 0.24
4.72 0.25
4.72 0.26
4.72 0.27
4.72 0.28
4.72 0.29
4.72 0.3
4.72 0.31
4.72 0.32
4.72 0.33
4.72 0.34
4.72 0.35
4.73 0.01
4.73 0.02
4.73 0.03
4.73 0.04
4.73 0.05
4.73 0.06
4.73 0.07
4.73 0.08
4.73 0.09
4.73 0.1
4.73 0.11
4.73 0.12
4.73 0.13
4.73 0.14
4.73 0.15
4.73 0.16
4.73 0.17
4.73 0.18
4.73 0.19
4.73 0.2
4.73 0.21
4.73 0.22
4.73 0.23
4.73 0.24
4.73 0.25
4.73 0.26
4.73 0.27
4.73 0.28
4.73 0.29
4.73 0.3
4.73 0.31
4.73 0.32
4.73 0.33
4.73 0.34
4.73 0.35
4.74 0.01
4.74 0.02
4.74 0.03
4.74 0.04
4.74 0.05
4.74 0.06
4.74 0.07
4.74 0.08
4.74 0.09
4.74 0.1
4.74 0.11
4.74 0.12
4.74 0.13
4.74 0.14
4.74 0.15
4.74 0.16
4.74 0.17
4.74 0.18
4.74 0.19
4.74 0.2
4.74 0.21
4.74 0.22
4.74 0.23
4.74 0.24
4.74 0.25
4.74 0.26
4.74 0.27
4.74 0.28
4.74 0.29
4.74 0.3
4.74 0.31
4.74 0.32
4.74 0.33
4.74 0.34
4.74 0.35
4.75 0.01
4.75 0.02
4.75 0.03
4.75 0.04
4.75 0.05
4.75 0.06
4.75 0.07
4.75 0.08
4.75 0.09
4.75 0.1
4.75 0.11
4.75 0.12
4.75 0.13
4.75 0.14
4.75 0.15
4.75 0.16
4.75 0.17
4.75 0.18
4.75 0.19
4.75 0.2
4.75 0.21
4.75 0.22
4.75 0.23
4.75 0.24
4.75 0.25
4.75 0.26
4.75 0.27
4.75 0.28
4.75 0.29
4.75 0.3
4.75 0.31
4.75 0.32
4.75 0.33
4.75 0.34
4.75 0.35
4.76 0.01
4.76 0.02
4.76 0.03
4.76 0.04
4.76 0.05
4.76 0.06
4.76 0.07
4.76 0.08
4.76 0.09
4.76 0.1
4.76 0.11
4.76 0.12
4.76 0.13
4.76 0.14
4.76 0.15
4.76 0.16
4.76 0.17
4.76 0.18
4.76 0.19
4.76 0.2
4.76 0.21
4.76 0.22
4.76 0.23
4.76 0.24
4.76 0.25
4.76 0.26
4.76 0.27
4.76 0.28
4.76 0.29
4.76 0.3
4.76 0.31
4.76 0.32
4.76 0.33
4.76 0.34
4.76 0.35
4.77 0.01
4.77 0.02
4.77 0.03
4.77 0.04
4.77 0.05
4.77 0.06
4.77 0.07
4.77 0.08
4.77 0.09
4.77 0.1
4.77 0.11
4.77 0.12
4.77 0.13
4.77 0.14
4.77 0.15
4.77 0.16
4.77 0.17
4.77 0.18
4.77 0.19
4.77 0.2
4.77 0.21
4.77 0.22
4.77 0.23
4.77 0.24
4.77 0.25
4.77 0.26
4.77 0.27
4.77 0.28
4.77 0.29
4.77 0.3
4.77 0.31
4.77 0.32
4.77 0.33
4.77 0.34
4.77 0.35
4.77 0.36
4.78 0.01
4.78 0.02
4.78 0.03
4.78 0.04
4.78 0.05
4.78 0.06
4.78 0.07
4.78 0.08
4.78 0.09
4.78 0.1
4.78 0.11
4.78 0.12
4.78 0.13
4.78 0.14
4.78 0.15
4.78 0.16
4.78 0.17
4.78 0.18
4.78 0.19
4.78 0.2
4.78 0.21
4.78 0.22
4.78 0.23
4.78 0.24
4.78 0.25
4.78 0.26
4.78 0.27
4.78 0.28
4.78 0.29
4.78 0.3
4.78 0.31
4.78 0.32
4.78 0.33
4.78 0.34
4.78 0.35
4.78 0.36
4.79 0.01
4.79 0.02
4.79 0.03
4.79 0.04
4.79 0.05
4.79 0.06
4.79 0.07
4.79 0.08
4.79 0.09
4.79 0.1
4.79 0.11
4.79 0.12
4.79 0.13
4.79 0.14
4.79 0.15
4.79 0.16
4.79 0.17
4.79 0.18
4.79 0.19
4.79 0.2
4.79 0.21
4.79 0.22
4.79 0.23
4.79 0.24
4.79 0.25
4.79 0.26
4.79 0.27
4.79 0.28
4.79 0.29
4.79 0.3
4.79 0.31
4.79 0.32
4.79 0.33
4.79 0.34
4.79 0.35
4.8 0.01
4.8 0.02
4.8 0.03
4.8 0.04
4.8 0.05
4.8 0.06
4.8 0.07
4.8 0.08
4.8 0.09
4.8 0.1
4.8 0.11
4.8 0.12
4.8 0.13
4.8 0.14
4.8 0.15
4.8 0.16
4.8 0.17
4.8 0.18
4.8 0.19
4.8 0.2
4.8 0.21
4.8 0.22
4.8 0.23
4.8 0.24
4.8 0.25
4.8 0.26
4.8 0.27
4.8 0.28
4.8 0.29
4.8 0.3
4.8 0.31
4.8 0.32
4.8 0.33
4.8 0.34
4.8 0.35
4.8 0.36
4.81 0.01
4.81 0.02
4.81 0.03
4.81 0.04
4.81 0.05
4.81 0.06
4.81 0.07
4.81 0.08
4.81 0.09
4.81 0.1
4.81 0.11
4.81 0.12
4.81 0.13
4.81 0.14
4.81 0.15
4.81 0.16
4.81 0.17
4.81 0.18
4.81 0.19
4.81 0.2
4.81 0.21
4.81 0.22
4.81 0.23
4.81 0.24
4.81 0.25
4.81 0.26
4.81 0.27
4.81 0.28
4.81 0.29
4.81 0.3
4.81 0.31
4.81 0.32
4.81 0.33
4.81 0.34
4.81 0.35
4.82 0.01
4.82 0.02
4.82 0.03
4.82 0.04
4.82 0.05
4.82 0.06
4.82 0.07
4.82 0.08
4.82 0.09
4.82 0.1
4.82 0.11
4.82 0.12
4.82 0.13
4.82 0.14
4.82 0.15
4.82 0.16
4.82 0.17
4.82 0.18
4.82 0.19
4.82 0.2
4.82 0.21
4.82 0.22
4.82 0.23
4.82 0.24
4.82 0.25
4.82 0.26
4.82 0.27
4.82 0.28
4.82 0.29
4.82 0.3
4.82 0.31
4.82 0.32
4.82 0.33
4.82 0.34
4.82 0.35
4.83 0.01
4.83 0.02
4.83 0.03
4.83 0.04
4.83 0.05
4.83 0.06
4.83 0.07
4.83 0.08
4.83 0.09
4.83 0.1
4.83 0.11
4.83 0.12
4.83 0.13
4.83 0.14
4.83 0.15
4.83 0.16
4.83 0.17
4.83 0.18
4.83 0.19
4.83 0.2
4.83 0.21
4.83 0.22
4.83 0.23
4.83 0.24
4.83 0.25
4.83 0.26
4.83 0.27
4.83 0.28
4.83 0.29
4.83 0.3
4.83 0.31
4.83 0.32
4.83 0.33
4.83 0.34
4.83 0.35
4.83 0.36
4.84 0.01
4.84 0.02
4.84 0.03
4.84 0.04
4.84 0.05
4.84 0.06
4.84 0.07
4.84 0.08
4.84 0.09
4.84 0.1
4.84 0.11
4.84 0.12
4.84 0.13
4.84 0.14
4.84 0.15
4.84 0.16
4.84 0.17
4.84 0.18
4.84 0.19
4.84 0.2
4.84 0.21
4.84 0.22
4.84 0.23
4.84 0.24
4.84 0.25
4.84 0.26
4.84 0.27
4.84 0.28
4.84 0.29
4.84 0.3
4.84 0.31
4.84 0.32
4.84 0.33
4.84 0.34
4.84 0.35
4.84 0.36
4.85 0.01
4.85 0.02
4.85 0.03
4.85 0.04
4.85 0.05
4.85 0.06
4.85 0.07
4.85 0.08
4.85 0.09
4.85 0.1
4.85 0.11
4.85 0.12
4.85 0.13
4.85 0.14
4.85 0.15
4.85 0.16
4.85 0.17
4.85 0.18
4.85 0.19
4.85 0.2
4.85 0.21
4.85 0.22
4.85 0.23
4.85 0.24
4.85 0.25
4.85 0.26
4.85 0.27
4.85 0.28
4.85 0.29
4.85 0.3
4.85 0.31
4.85 0.32
4.85 0.33
4.85 0.34
4.85 0.35
4.85 0.36
4.86 0.01
4.86 0.02
4.86 0.03
4.86 0.04
4.86 0.05
4.86 0.06
4.86 0.07
4.86 0.08
4.86 0.09
4.86 0.1
4.86 0.11
4.86 0.12
4.86 0.13
4.86 0.14
4.86 0.15
4.86 0.16
4.86 0.17
4.86 0.18
4.86 0.19
4.86 0.2
4.86 0.21
4.86 0.22
4.86 0.23
4.86 0.24
4.86 0.25
4.86 0.26
4.86 0.27
4.86 0.28
4.86 0.29
4.86 0.3
4.86 0.31
4.86 0.32
4.86 0.33
4.86 0.34
4.86 0.35
4.86 0.36
4.87 0.01
4.87 0.02
4.87 0.03
4.87 0.04
4.87 0.05
4.87 0.06
4.87 0.07
4.87 0.08
4.87 0.09
4.87 0.1
4.87 0.11
4.87 0.12
4.87 0.13
4.87 0.14
4.87 0.15
4.87 0.16
4.87 0.17
4.87 0.18
4.87 0.19
4.87 0.2
4.87 0.21
4.87 0.22
4.87 0.23
4.87 0.24
4.87 0.25
4.87 0.26
4.87 0.27
4.87 0.28
4.87 0.29
4.87 0.3
4.87 0.31
4.87 0.32
4.87 0.33
4.87 0.34
4.87 0.35
4.87 0.36
4.88 0.01
4.88 0.02
4.88 0.03
4.88 0.04
4.88 0.05
4.88 0.06
4.88 0.07
4.88 0.08
4.88 0.09
4.88 0.1
4.88 0.11
4.88 0.12
4.88 0.13
4.88 0.14
4.88 0.15
4.88 0.16
4.88 0.17
4.88 0.18
4.88 0.19
4.88 0.2
4.88 0.21
4.88 0.22
4.88 0.23
4.88 0.24
4.88 0.25
4.88 0.26
4.88 0.27
4.88 0.28
4.88 0.29
4.88 0.3
4.88 0.31
4.88 0.32
4.88 0.33
4.88 0.34
4.88 0.35
4.88 0.36
4.89 0.01
4.89 0.02
4.89 0.03
4.89 0.04
4.89 0.05
4.89 0.06
4.89 0.07
4.89 0.08
4.89 0.09
4.89 0.1
4.89 0.11
4.89 0.12
4.89 0.13
4.89 0.14
4.89 0.15
4.89 0.16
4.89 0.17
4.89 0.18
4.89 0.19
4.89 0.2
4.89 0.21
4.89 0.22
4.89 0.23
4.89 0.24
4.89 0.25
4.89 0.26
4.89 0.27
4.89 0.28
4.89 0.29
4.89 0.3
4.89 0.31
4.89 0.32
4.89 0.33
4.89 0.34
4.89 0.35
4.89 0.36
4.9 0.01
4.9 0.02
4.9 0.03
4.9 0.04
4.9 0.05
4.9 0.06
4.9 0.07
4.9 0.08
4.9 0.09
4.9 0.1
4.9 0.11
4.9 0.12
4.9 0.13
4.9 0.14
4.9 0.15
4.9 0.16
4.9 0.17
4.9 0.18
4.9 0.19
4.9 0.2
4.9 0.21
4.9 0.22
4.9 0.23
4.9 0.24
4.9 0.25
4.9 0.26
4.9 0.27
4.9 0.28
4.9 0.29
4.9 0.3
4.9 0.31
4.9 0.32
4.9 0.33
4.9 0.34
4.9 0.35
4.9 0.36
4.9 0.37
4.91 0.01
4.91 0.02
4.91 0.03
4.91 0.04
4.91 0.05
4.91 0.06
4.91 0.07
4.91 0.08
4.91 0.09
4.91 0.1
4.91 0.11
4.91 0.12
4.91 0.13
4.91 0.14
4.91 0.15
4.91 0.16
4.91 0.17
4.91 0.18
4.91 0.19
4.91 0.2
4.91 0.21
4.91 0.22
4.91 0.23
4.91 0.24
4.91 0.25
4.91 0.26
4.91 0.27
4.91 0.28
4.91 0.29
4.91 0.3
4.91 0.31
4.91 0.32
4.91 0.33
4.91 0.34
4.91 0.35
4.91 0.36
4.92 0.01
4.92 0.02
4.92 0.03
4.92 0.04
4.92 0.05
4.92 0.06
4.92 0.07
4.92 0.08
4.92 0.09
4.92 0.1
4.92 0.11
4.92 0.12
4.92 0.13
4.92 0.14
4.92 0.15
4.92 0.16
4.92 0.17
4.92 0.18
4.92 0.19
4.92 0.2
4.92 0.21
4.92 0.22
4.92 0.23
4.92 0.24
4.92 0.25
4.92 0.26
4.92 0.27
4.92 0.28
4.92 0.29
4.92 0.3
4.92 0.31
4.92 0.32
4.92 0.33
4.92 0.34
4.92 0.35
4.92 0.36
4.93 0.01
4.93 0.02
4.93 0.03
4.93 0.04
4.93 0.05
4.93 0.06
4.93 0.07
4.93 0.08
4.93 0.09
4.93 0.1
4.93 0.11
4.93 0.12
4.93 0.13
4.93 0.14
4.93 0.15
4.93 0.16
4.93 0.17
4.93 0.18
4.93 0.19
4.93 0.2
4.93 0.21
4.93 0.22
4.93 0.23
4.93 0.24
4.93 0.25
4.93 0.26
4.93 0.27
4.93 0.28
4.93 0.29
4.93 0.3
4.93 0.31
4.93 0.32
4.93 0.33
4.93 0.34
4.93 0.35
4.93 0.36
4.93 0.37
4.94 0.01
4.94 0.02
4.94 0.03
4.94 0.04
4.94 0.05
4.94 0.06
4.94 0.07
4.94 0.08
4.94 0.09
4.94 0.1
4.94 0.11
4.94 0.12
4.94 0.13
4.94 0.14
4.94 0.15
4.94 0.16
4.94 0.17
4.94 0.18
4.94 0.19
4.94 0.2
4.94 0.21
4.94 0.22
4.94 0.23
4.94 0.24
4.94 0.25
4.94 0.26
4.94 0.27
4.94 0.28
4.94 0.29
4.94 0.3
4.94 0.31
4.94 0.32
4.94 0.33
4.94 0.34
4.94 0.35
4.94 0.36
4.95 0.01
4.95 0.02
4.95 0.03
4.95 0.04
4.95 0.05
4.95 0.06
4.95 0.07
4.95 0.08
4.95 0.09
4.95 0.1
4.95 0.11
4.95 0.12
4.95 0.13
4.95 0.14
4.95 0.15
4.95 0.16
4.95 0.17
4.95 0.18
4.95 0.19
4.95 0.2
4.95 0.21
4.95 0.22
4.95 0.23
4.95 0.24
4.95 0.25
4.95 0.26
4.95 0.27
4.95 0.28
4.95 0.29
4.95 0.3
4.95 0.31
4.95 0.32
4.95 0.33
4.95 0.34
4.95 0.35
4.95 0.36
4.96 0.01
4.96 0.02
4.96 0.03
4.96 0.04
4.96 0.05
4.96 0.06
4.96 0.07
4.96 0.08
4.96 0.09
4.96 0.1
4.96 0.11
4.96 0.12
4.96 0.13
4.96 0.14
4.96 0.15
4.96 0.16
4.96 0.17
4.96 0.18
4.96 0.19
4.96 0.2
4.96 0.21
4.96 0.22
4.96 0.23
4.96 0.24
4.96 0.25
4.96 0.26
4.96 0.27
4.96 0.28
4.96 0.29
4.96 0.3
4.96 0.31
4.96 0.32
4.96 0.33
4.96 0.34
4.96 0.35
4.96 0.36
4.96 0.37
4.97 0.01
4.97 0.02
4.97 0.03
4.97 0.04
4.97 0.05
4.97 0.06
4.97 0.07
4.97 0.08
4.97 0.09
4.97 0.1
4.97 0.11
4.97 0.12
4.97 0.13
4.97 0.14
4.97 0.15
4.97 0.16
4.97 0.17
4.97 0.18
4.97 0.19
4.97 0.2
4.97 0.21
4.97 0.22
4.97 0.23
4.97 0.24
4.97 0.25
4.97 0.26
4.97 0.27
4.97 0.28
4.97 0.29
4.97 0.3
4.97 0.31
4.97 0.32
4.97 0.33
4.97 0.34
4.97 0.35
4.97 0.36
4.97 0.37
4.98 0.01
4.98 0.02
4.98 0.03
4.98 0.04
4.98 0.05
4.98 0.06
4.98 0.07
4.98 0.08
4.98 0.09
4.98 0.1
4.98 0.11
4.98 0.12
4.98 0.13
4.98 0.14
4.98 0.15
4.98 0.16
4.98 0.17
4.98 0.18
4.98 0.19
4.98 0.2
4.98 0.21
4.98 0.22
4.98 0.23
4.98 0.24
4.98 0.25
4.98 0.26
4.98 0.27
4.98 0.28
4.98 0.29
4.98 0.3
4.98 0.31
4.98 0.32
4.98 0.33
4.98 0.34
4.98 0.35
4.98 0.36
4.98 0.37
4.99 0.01
4.99 0.02
4.99 0.03
4.99 0.04
4.99 0.05
4.99 0.06
4.99 0.07
4.99 0.08
4.99 0.09
4.99 0.1
4.99 0.11
4.99 0.12
4.99 0.13
4.99 0.14
4.99 0.15
4.99 0.16
4.99 0.17
4.99 0.18
4.99 0.19
4.99 0.2
4.99 0.21
4.99 0.22
4.99 0.23
4.99 0.24
4.99 0.25
4.99 0.26
4.99 0.27
4.99 0.28
4.99 0.29
4.99 0.3
4.99 0.31
4.99 0.32
4.99 0.33
4.99 0.34
4.99 0.35
4.99 0.36
4.99 0.37
5 0.01
5 0.02
5 0.03
5 0.04
5 0.05
5 0.06
5 0.07
5 0.08
5 0.09
5 0.1
5 0.11
5 0.12
5 0.13
5 0.14
5 0.15
5 0.16
5 0.17
5 0.18
5 0.19
5 0.2
5 0.21
5 0.22
5 0.23
5 0.24
5 0.25
5 0.26
5 0.27
5 0.28
5 0.29
5 0.3
5 0.31
5 0.32
5 0.33
5 0.34
5 0.35
5 0.36
5 0.37
