1 1 1
0.999 1.00124 0.997519
0.998 1.00248 0.995042
0.997 1.0037 0.992569
0.996 1.00492 0.990101
0.995 1.00613 0.987636
0.994 1.00734 0.985176
0.993 1.00853 0.98272
0.992 1.00972 0.980267
0.991 1.0109 0.97782
0.99 1.01207 0.975376
0.989 1.01324 0.972936
0.988 1.01439 0.970501
0.987 1.01554 0.96807
0.986 1.01668 0.965644
0.985 1.01781 0.963221
0.984 1.01894 0.960803
0.983 1.02005 0.958389
0.982 1.02116 0.95598
0.981 1.02226 0.953575
0.98 1.02336 0.951174
0.979 1.02444 0.948778
0.978 1.02552 0.946386
0.977 1.02659 0.943998
0.976 1.02765 0.941615
0.975 1.0287 0.939236
0.974 1.02975 0.936862
0.973 1.03078 0.934492
0.972 1.03181 0.932127
0.971 1.03283 0.929766
0.97 1.03385 0.92741
0.969 1.03485 0.925058
0.968 1.03585 0.922711
0.967 1.03684 0.920368
0.966 1.03782 0.91803
0.965 1.03879 0.915696
0.964 1.03976 0.913366
0.963 1.04071 0.911042
0.962 1.04166 0.908722
0.961 1.0426 0.906406
0.96 1.04353 0.904095
0.959 1.04446 0.901788
0.958 1.04538 0.899487
0.957 1.04628 0.897189
0.956 1.04718 0.894896
0.955 1.04808 0.892608
0.954 1.04896 0.890325
0.953 1.04984 0.888046
0.952 1.05071 0.885771
0.951 1.05157 0.883501
0.95 1.05242 0.881236
0.949 1.05326 0.878976
0.948 1.0541 0.87672
0.947 1.05493 0.874468
0.946 1.05575 0.872221
0.945 1.05656 0.869979
0.944 1.05737 0.867742
0.943 1.05817 0.865508
0.942 1.05895 0.863279
0.941 1.05974 0.861056
0.94 1.06051 0.858836
0.939 1.06127 0.856622
0.938 1.06203 0.854412
0.937 1.06278 0.852206
0.936 1.06352 0.850006
0.935 1.06425 0.847809
0.934 1.06498 0.845618
0.933 1.0657 0.843431
0.932 1.06641 0.841248
0.931 1.06711 0.83907
0.93 1.0678 0.836897
0.929 1.06849 0.834728
0.928 1.06917 0.832564
0.927 1.06984 0.830404
0.926 1.0705 0.828249
0.925 1.07116 0.826099
0.924 1.0718 0.823953
0.923 1.07244 0.821811
0.922 1.07308 0.819674
0.921 1.0737 0.817542
0.92 1.07432 0.815414
0.919 1.07492 0.81329
0.918 1.07553 0.811171
0.917 1.07612 0.809057
0.916 1.0767 0.806947
0.915 1.07728 0.804841
0.914 1.07785 0.80274
0.913 1.07842 0.800644
0.912 1.07897 0.798552
0.911 1.07952 0.796464
0.91 1.08006 0.794381
0.909 1.08059 0.792302
0.908 1.08112 0.790227
0.907 1.08164 0.788157
0.906 1.08215 0.786092
0.905 1.08265 0.78403
0.904 1.08314 0.781973
0.903 1.08363 0.779921
0.902 1.08411 0.777873
0.901 1.08459 0.775828
0.9 1.08505 0.773788
0.899 1.08551 0.771753
0.898 1.08596 0.769722
0.897 1.08641 0.767695
0.896 1.08684 0.765672
0.895 1.08727 0.763654
0.894 1.0877 0.76164
0.893 1.08811 0.75963
0.892 1.08852 0.757625
0.891 1.08892 0.755623
0.89 1.08931 0.753626
0.889 1.0897 0.751633
0.888 1.09008 0.749644
0.887 1.09045 0.747659
0.886 1.09082 0.745679
0.885 1.09117 0.743702
0.884 1.09153 0.74173
0.883 1.09187 0.739761
0.882 1.09221 0.737797
0.881 1.09254 0.735837
0.88 1.09286 0.73388
0.879 1.09318 0.731928
0.878 1.09349 0.72998
0.877 1.09379 0.728036
0.876 1.09409 0.726095
0.875 1.09438 0.724159
0.874 1.09466 0.722227
0.873 1.09494 0.720298
0.872 1.09521 0.718373
0.871 1.09547 0.716453
0.87 1.09573 0.714536
0.869 1.09598 0.712623
0.868 1.09622 0.710713
0.867 1.09646 0.708808
0.866 1.09669 0.706906
0.865 1.09691 0.705009
0.864 1.09713 0.703114
0.863 1.09734 0.701224
0.862 1.09754 0.699337
0.861 1.09774 0.697454
0.86 1.09793 0.695575
0.859 1.09812 0.693699
0.858 1.0983 0.691827
0.857 1.09847 0.689959
0.856 1.09864 0.688094
0.855 1.0988 0.686233
0.854 1.09895 0.684375
0.853 1.0991 0.682521
0.852 1.09924 0.680671
0.851 1.09938 0.678824
0.85 1.09951 0.67698
0.849 1.09963 0.67514
0.848 1.09975 0.673303
0.847 1.09987 0.67147
0.846 1.09997 0.669639
0.845 1.10007 0.667812
0.844 1.10017 0.665989
0.843 1.10026 0.66417
0.842 1.10034 0.662353
0.841 1.10042 0.66054
0.84 1.10049 0.65873
0.839 1.10056 0.656923
0.838 1.10062 0.65512
0.837 1.10068 0.65332
0.836 1.10073 0.651523
0.835 1.10077 0.649729
0.834 1.10081 0.647938
0.833 1.10084 0.646151
0.832 1.10087 0.644367
0.831 1.10089 0.642585
0.83 1.10091 0.640807
0.829 1.10092 0.639032
0.828 1.10093 0.63726
0.827 1.10093 0.635491
0.826 1.10093 0.633725
0.825 1.10092 0.631962
0.824 1.10091 0.630202
0.823 1.10089 0.628444
0.822 1.10087 0.62669
0.821 1.10084 0.624939
0.82 1.10081 0.62319
0.819 1.10077 0.621445
0.818 1.10073 0.619702
0.817 1.10068 0.617962
0.816 1.10063 0.616225
0.815 1.10057 0.61449
0.814 1.10051 0.612759
0.813 1.10044 0.61103
0.812 1.10037 0.609304
0.811 1.1003 0.607581
0.81 1.10022 0.60586
0.809 1.10013 0.604142
0.808 1.10004 0.602426
0.807 1.09995 0.600714
0.806 1.09985 0.599004
0.805 1.09975 0.597296
0.804 1.09965 0.595591
0.803 1.09954 0.593889
0.802 1.09942 0.592189
0.801 1.0993 0.590492
0.8 1.09918 0.588797
0.799 1.09905 0.587105
0.798 1.09892 0.585415
0.797 1.09879 0.583728
0.796 1.09865 0.582043
0.795 1.09851 0.580361
0.794 1.09836 0.578681
0.793 1.09821 0.577004
0.792 1.09806 0.575328
0.791 1.0979 0.573656
0.79 1.09774 0.571986
0.789 1.09758 0.570318
0.788 1.09741 0.568652
0.787 1.09724 0.566989
0.786 1.09706 0.565328
0.785 1.09688 0.56367
0.784 1.0967 0.562013
0.783 1.09652 0.56036
0.782 1.09633 0.558708
0.781 1.09614 0.557059
0.78 1.09594 0.555412
0.779 1.09575 0.553767
0.778 1.09554 0.552125
0.777 1.09534 0.550485
0.776 1.09513 0.548847
0.775 1.09492 0.547211
0.774 1.09471 0.545578
0.773 1.09449 0.543946
0.772 1.09427 0.542318
0.771 1.09405 0.540691
0.77 1.09383 0.539066
0.769 1.0936 0.537444
0.768 1.09337 0.535824
0.767 1.09314 0.534207
0.766 1.0929 0.532591
0.765 1.09267 0.530978
0.764 1.09242 0.529367
0.763 1.09218 0.527758
0.762 1.09194 0.526152
0.761 1.09169 0.524548
0.76 1.09144 0.522946
0.759 1.09119 0.521346
0.758 1.09093 0.519749
0.757 1.09068 0.518153
0.756 1.09042 0.516561
0.755 1.09015 0.51497
0.754 1.08989 0.513382
0.753 1.08963 0.511796
0.752 1.08936 0.510212
0.751 1.08909 0.50863
0.75 1.08882 0.507052
0.749 1.08854 0.505475
0.748 1.08827 0.503901
0.747 1.08799 0.502329
0.746 1.08771 0.50076
0.745 1.08743 0.499193
0.744 1.08715 0.497629
0.743 1.08686 0.496067
0.742 1.08658 0.494507
0.741 1.08629 0.49295
0.74 1.086 0.491396
0.739 1.08571 0.489844
0.738 1.08541 0.488294
0.737 1.08512 0.486748
0.736 1.08482 0.485204
0.735 1.08452 0.483662
0.734 1.08422 0.482124
0.733 1.08392 0.480588
0.732 1.08362 0.479055
0.731 1.08332 0.477524
0.73 1.08301 0.475996
0.729 1.08271 0.474471
0.728 1.0824 0.472949
0.727 1.08209 0.47143
0.726 1.08178 0.469913
0.725 1.08147 0.4684
0.724 1.08115 0.466889
0.723 1.08084 0.465382
0.722 1.08052 0.463877
0.721 1.08021 0.462376
0.72 1.07989 0.460878
0.719 1.07957 0.459383
0.718 1.07925 0.457891
0.717 1.07892 0.456402
0.716 1.0786 0.454917
0.715 1.07828 0.453435
0.714 1.07795 0.451956
0.713 1.07763 0.45048
0.712 1.0773 0.449008
0.711 1.07697 0.44754
0.71 1.07664 0.446074
0.709 1.07631 0.444613
0.708 1.07597 0.443155
0.707 1.07564 0.4417
0.706 1.07531 0.44025
0.705 1.07497 0.438802
0.704 1.07463 0.437359
0.703 1.0743 0.435919
0.702 1.07396 0.434483
0.701 1.07362 0.433051
0.7 1.07327 0.431623
0.699 1.07293 0.430199
0.698 1.07259 0.428779
0.697 1.07224 0.427363
0.696 1.0719 0.42595
0.695 1.07155 0.424542
0.694 1.0712 0.423138
0.693 1.07085 0.421738
0.692 1.0705 0.420342
0.691 1.07015 0.418951
0.69 1.0698 0.417564
0.689 1.06944 0.416181
0.688 1.06909 0.414802
0.687 1.06873 0.413428
0.686 1.06837 0.412058
0.685 1.06801 0.410693
0.684 1.06765 0.409332
0.683 1.06729 0.407976
0.682 1.06693 0.406624
0.681 1.06657 0.405277
0.68 1.0662 0.403934
0.679 1.06583 0.402596
0.678 1.06546 0.401263
0.677 1.0651 0.399934
0.676 1.06472 0.39861
0.675 1.06435 0.397291
0.674 1.06398 0.395977
0.673 1.0636 0.394667
0.672 1.06323 0.393362
0.671 1.06285 0.392063
0.67 1.06247 0.390768
0.669 1.06209 0.389477
0.668 1.06171 0.388192
0.667 1.06132 0.386912
0.666 1.06094 0.385637
0.665 1.06055 0.384367
0.664 1.06016 0.383102
0.663 1.05977 0.381841
0.662 1.05938 0.380586
0.661 1.05899 0.379336
0.66 1.0586 0.378091
0.659 1.0582 0.376851
0.658 1.0578 0.375617
0.657 1.0574 0.374387
0.656 1.057 0.373162
0.655 1.0566 0.371942
0.654 1.05619 0.370728
0.653 1.05579 0.369519
0.652 1.05538 0.368316
0.651 1.05497 0.367117
0.65 1.05456 0.365924
0.649 1.05415 0.364735
0.648 1.05373 0.363552
0.647 1.05332 0.362374
0.646 1.0529 0.361201
0.645 1.05248 0.360034
0.644 1.05206 0.358872
0.643 1.05163 0.357714
0.642 1.05121 0.356563
0.641 1.05078 0.355416
0.64 1.05035 0.354274
0.639 1.04992 0.353138
0.638 1.04949 0.352007
0.637 1.04906 0.350881
0.636 1.04862 0.34976
0.635 1.04818 0.348645
0.634 1.04774 0.347534
0.633 1.0473 0.34643
0.632 1.04685 0.34533
0.631 1.04641 0.344235
0.63 1.04596 0.343145
0.629 1.04551 0.342061
0.628 1.04506 0.340982
0.627 1.0446 0.339907
0.626 1.04415 0.338838
0.625 1.04369 0.337774
0.624 1.04323 0.336715
0.623 1.04277 0.335661
0.622 1.0423 0.334612
0.621 1.04184 0.333568
0.62 1.04137 0.332529
0.619 1.0409 0.331495
0.618 1.04043 0.330466
0.617 1.03996 0.329442
0.616 1.03948 0.328424
0.615 1.039 0.32741
0.614 1.03852 0.326401
0.613 1.03804 0.325396
0.612 1.03756 0.324397
0.611 1.03707 0.323403
0.61 1.03659 0.322414
0.609 1.0361 0.321429
0.608 1.03561 0.320449
0.607 1.03511 0.319474
0.606 1.03462 0.318504
0.605 1.03412 0.317539
0.604 1.03362 0.316578
0.603 1.03312 0.315622
0.602 1.03262 0.314671
0.601 1.03211 0.313724
0.6 1.0316 0.312782
0.599 1.0311 0.311845
0.598 1.03058 0.310913
0.597 1.03007 0.309985
0.596 1.02956 0.309061
0.595 1.02904 0.308143
0.594 1.02852 0.307228
0.593 1.028 0.306318
0.592 1.02748 0.305413
0.591 1.02695 0.304512
0.59 1.02642 0.303616
0.589 1.0259 0.302724
0.588 1.02536 0.301837
0.587 1.02483 0.300954
0.586 1.0243 0.300075
0.585 1.02376 0.2992
0.584 1.02322 0.29833
0.583 1.02268 0.297465
0.582 1.02214 0.296603
0.581 1.0216 0.295746
0.58 1.02105 0.294893
0.579 1.0205 0.294044
0.578 1.01995 0.293199
0.577 1.0194 0.292359
0.576 1.01885 0.291523
0.575 1.01829 0.29069
0.574 1.01774 0.289862
0.573 1.01718 0.289038
0.572 1.01662 0.288218
0.571 1.01605 0.287402
0.57 1.01549 0.28659
0.569 1.01492 0.285782
0.568 1.01436 0.284978
0.567 1.01379 0.284178
0.566 1.01322 0.283382
0.565 1.01264 0.282589
0.564 1.01207 0.281801
0.563 1.01149 0.281016
0.562 1.01091 0.280236
0.561 1.01033 0.279459
0.56 1.00975 0.278686
0.559 1.00917 0.277916
0.558 1.00858 0.277151
0.557 1.008 0.276389
0.556 1.00741 0.27563
0.555 1.00682 0.274876
0.554 1.00622 0.274125
0.553 1.00563 0.273377
0.552 1.00504 0.272633
0.551 1.00444 0.271893
0.55 1.00384 0.271156
0.549 1.00324 0.270423
0.548 1.00264 0.269694
0.547 1.00203 0.268967
0.546 1.00143 0.268244
0.545 1.00082 0.267524
0.544 1.00021 0.266809
0.543 0.999605 0.266096
0.542 0.998994 0.265387
0.541 0.998381 0.264682
0.54 0.997767 0.263979
0.539 0.997151 0.26328
0.538 0.996534 0.262585
0.537 0.995915 0.261892
0.536 0.995295 0.261203
0.535 0.994674 0.260517
0.534 0.994051 0.259834
0.533 0.993426 0.259155
0.532 0.9928 0.258479
0.531 0.992173 0.257806
0.53 0.991544 0.257136
0.529 0.990913 0.256469
0.528 0.990282 0.255805
0.527 0.989648 0.255145
0.526 0.989014 0.254487
0.525 0.988378 0.253833
0.524 0.98774 0.253181
0.523 0.987102 0.252533
0.522 0.986462 0.251887
0.521 0.98582 0.251245
0.52 0.985177 0.250606
0.519 0.984533 0.249969
0.518 0.983888 0.249336
0.517 0.983241 0.248705
0.516 0.982593 0.248077
0.515 0.981944 0.247452
0.514 0.981294 0.24683
0.513 0.980642 0.246211
0.512 0.979989 0.245594
0.511 0.979335 0.244981
0.51 0.978679 0.24437
0.509 0.978022 0.243762
0.508 0.977364 0.243157
0.507 0.976705 0.242554
0.506 0.976045 0.241954
0.505 0.975383 0.241357
0.504 0.974721 0.240763
0.503 0.974057 0.240171
0.502 0.973392 0.239582
0.501 0.972726 0.238996
0.5 0.972058 0.238412
0.499 0.97139 0.237831
0.498 0.97072 0.237252
0.497 0.97005 0.236676
0.496 0.969378 0.236102
0.495 0.968705 0.235531
0.494 0.968031 0.234963
0.493 0.967356 0.234397
0.492 0.96668 0.233834
0.491 0.966003 0.233273
0.49 0.965325 0.232714
0.489 0.964645 0.232158
0.488 0.963965 0.231605
0.487 0.963284 0.231054
0.486 0.962602 0.230505
0.485 0.961918 0.229959
0.484 0.961234 0.229415
0.483 0.960549 0.228873
0.482 0.959863 0.228334
0.481 0.959175 0.227797
0.48 0.958487 0.227263
0.479 0.957798 0.22673
0.478 0.957108 0.226201
0.477 0.956417 0.225673
0.476 0.955725 0.225148
0.475 0.955032 0.224625
0.474 0.954339 0.224104
0.473 0.953644 0.223585
0.472 0.952948 0.223068
0.471 0.952251 0.222554
0.47 0.951554 0.222042
0.469 0.950856 0.221532
0.468 0.950157 0.221024
0.467 0.949458 0.220519
0.466 0.948757 0.220016
0.465 0.948056 0.219514
0.464 0.947353 0.219015
0.463 0.94665 0.218518
0.462 0.945946 0.218024
0.461 0.945242 0.217531
0.46 0.944536 0.21704
0.459 0.94383 0.216551
0.458 0.943123 0.216065
0.457 0.942415 0.21558
0.456 0.941707 0.215098
0.455 0.940998 0.214617
0.454 0.940288 0.214139
0.453 0.939577 0.213662
0.452 0.938866 0.213188
0.451 0.938153 0.212715
0.45 0.937441 0.212245
0.449 0.936727 0.211776
0.448 0.936013 0.211309
0.447 0.935298 0.210845
0.446 0.934582 0.210382
0.445 0.933866 0.209921
0.444 0.933149 0.209462
0.443 0.932431 0.209005
0.442 0.931713 0.208549
0.441 0.930994 0.208096
0.44 0.930275 0.207644
0.439 0.929555 0.207195
0.438 0.928834 0.206747
0.437 0.928112 0.206301
0.436 0.92739 0.205856
0.435 0.926668 0.205414
0.434 0.925945 0.204973
0.433 0.925221 0.204534
0.432 0.924496 0.204097
0.431 0.923772 0.203662
0.43 0.923046 0.203228
0.429 0.922318 0.202797
0.428 0.921591 0.202367
0.427 0.920864 0.201938
0.426 0.920136 0.201512
0.425 0.919408 0.201087
0.424 0.91868 0.200664
0.424 0.918679 0.200663
0.423 0.917951 0.200242
0.423 0.91795 0.200242
0.422 0.917221 0.199822
0.422 0.91722 0.199822
0.421 0.916491 0.199404
0.421 0.91649 0.199404
0.42 0.91576 0.198987
0.42 0.915759 0.198987
0.419 0.915029 0.198573
0.419 0.915028 0.198572
0.418 0.914297 0.198159
0.418 0.914296 0.198159
0.417 0.913565 0.197748
0.417 0.913564 0.197747
0.416 0.912832 0.197338
0.416 0.912831 0.197337
0.415 0.912099 0.196929
0.415 0.912098 0.196929
0.414 0.911365 0.196522
0.413 0.910631 0.196117
0.412 0.909897 0.195714
0.411 0.909162 0.195312
0.41 0.908426 0.194911
0.409 0.90769 0.194512
0.408 0.906954 0.194115
0.407 0.906217 0.193719
0.406 0.90548 0.193325
0.405 0.904743 0.192932
0.404 0.904005 0.192541
0.403 0.903267 0.192152
0.402 0.902528 0.191764
0.401 0.901789 0.191377
0.4 0.901049 0.190992
0.399 0.90031 0.190608
0.398 0.899569 0.190226
0.397 0.898829 0.189845
0.396 0.898088 0.189466
0.395 0.897347 0.189088
0.394 0.896605 0.188712
0.393 0.895863 0.188337
0.392 0.895121 0.187964
0.391 0.894379 0.187592
0.39 0.893636 0.187221
0.389 0.892893 0.186852
0.388 0.892149 0.186484
0.387 0.891406 0.186118
0.386 0.890661 0.185753
0.385 0.889917 0.18539
0.384 0.889172 0.185027
0.383 0.888428 0.184667
0.382 0.887682 0.184307
0.381 0.886937 0.183949
0.38 0.886191 0.183592
0.379 0.885445 0.183237
0.378 0.884699 0.182883
0.377 0.883953 0.18253
0.376 0.883206 0.182179
0.375 0.882459 0.181829
0.374 0.881712 0.18148
0.373 0.880964 0.181132
0.372 0.880217 0.180786
0.371 0.879469 0.180441
0.37 0.878721 0.180098
0.369 0.877973 0.179756
0.368 0.877224 0.179415
0.367 0.876476 0.179075
0.366 0.875727 0.178736
0.365 0.874978 0.178399
0.364 0.874228 0.178063
0.363 0.873479 0.177728
0.362 0.872729 0.177395
0.361 0.87198 0.177063
0.36 0.87123 0.176732
0.359 0.870481 0.176401
0.358 0.869731 0.176073
0.357 0.86898 0.175745
0.356 0.86823 0.175419
0.355 0.867479 0.175094
0.354 0.866728 0.174771
0.353 0.865977 0.174448
0.352 0.865226 0.174127
0.351 0.864475 0.173806
0.35 0.863724 0.173487
0.349 0.862973 0.173169
0.348 0.862221 0.172853
0.347 0.86147 0.172537
0.346 0.860718 0.172223
0.345 0.859966 0.171909
0.344 0.859214 0.171599
0.344 0.859213 0.171597
0.344 0.859214 0.171597
0.343 0.858462 0.171287
0.343 0.858461 0.171286
0.343 0.858462 0.171286
0.342 0.85771 0.170978
0.342 0.857709 0.170976
0.342 0.85771 0.170976
0.341 0.856958 0.170669
0.341 0.856956 0.170667
0.341 0.856958 0.170667
0.34 0.856205 0.170361
0.34 0.856204 0.17036
0.34 0.856206 0.17036
0.339 0.855453 0.170054
0.339 0.855452 0.170053
0.339 0.855453 0.170053
0.338 0.854701 0.169749
0.338 0.854699 0.169747
0.338 0.854701 0.169748
0.337 0.853948 0.169445
0.337 0.853947 0.169443
0.337 0.853949 0.169443
0.336 0.853195 0.169141
0.336 0.853194 0.16914
0.336 0.853196 0.16914
0.335 0.852443 0.168839
0.335 0.852442 0.168838
0.335 0.852444 0.168838
0.334 0.85169 0.168538
0.334 0.851689 0.168536
0.334 0.851691 0.168537
0.333 0.850937 0.168238
0.333 0.850937 0.168236
0.333 0.850938 0.168237
0.332 0.850184 0.167939
0.332 0.850184 0.167937
0.332 0.850186 0.167938
0.331 0.849433 0.16764
0.33 0.84868 0.167343
0.329 0.847927 0.167047
0.328 0.847174 0.166753
0.327 0.846421 0.166459
0.326 0.845668 0.166167
0.325 0.844916 0.165875
0.324 0.844163 0.165585
0.323 0.84341 0.165295
0.322 0.842657 0.165007
0.321 0.841904 0.164719
0.32 0.841151 0.164433
0.319 0.840398 0.164147
0.318 0.839645 0.163863
0.317 0.838892 0.16358
0.316 0.838139 0.163297
0.315 0.837386 0.163016
0.314 0.836633 0.162735
0.313 0.835879 0.162455
0.313 0.83588 0.162456
0.312 0.835126 0.162177
0.312 0.835127 0.162178
0.311 0.834373 0.161899
0.311 0.834374 0.1619
0.31 0.83362 0.161623
0.31 0.833622 0.161624
0.309 0.832867 0.161347
0.309 0.832869 0.161348
0.308 0.832115 0.161073
0.308 0.832116 0.161074
0.307 0.831362 0.160799
0.307 0.831364 0.1608
0.306 0.83061 0.160527
0.306 0.830611 0.160527
0.305 0.829857 0.160255
0.305 0.829858 0.160256
0.304 0.829104 0.159984
0.304 0.829106 0.159985
0.303 0.828352 0.159714
0.303 0.828353 0.159715
0.302 0.8276 0.159445
0.302 0.827601 0.159446
0.301 0.826847 0.159178
0.301 0.826849 0.159178
0.3 0.826095 0.158911
0.3 0.826096 0.158912
0.299 0.825343 0.158645
0.299 0.825344 0.158645
0.298 0.824591 0.158379
0.298 0.824592 0.15838
0.297 0.823839 0.158115
0.297 0.82384 0.158116
0.296 0.823087 0.157852
0.296 0.823088 0.157853
0.295 0.822335 0.157589
0.294 0.821583 0.157328
0.293 0.820832 0.157067
0.292 0.82008 0.156808
0.291 0.819329 0.156549
0.29 0.818577 0.156291
0.289 0.817826 0.156034
0.288 0.817075 0.155778
0.287 0.816324 0.155523
0.286 0.815573 0.155268
0.285 0.814822 0.155015
0.284 0.814071 0.154762
0.283 0.813321 0.154511
0.282 0.81257 0.15426
0.281 0.81182 0.15401
0.28 0.81107 0.15376
0.279 0.81032 0.153512
0.278 0.80957 0.153265
0.277 0.80882 0.153018
0.276 0.80807 0.152772
0.275 0.807321 0.152527
0.274 0.806571 0.152283
0.273 0.805822 0.15204
0.272 0.805073 0.151797
0.271 0.804324 0.151556
0.27 0.803575 0.151315
0.269 0.802826 0.151075
0.268 0.802078 0.150836
0.267 0.80133 0.150597
0.266 0.800582 0.15036
0.265 0.799834 0.150123
0.264 0.799086 0.149887
0.263 0.798337 0.149652
0.262 0.79759 0.149418
0.261 0.796842 0.149184
0.26 0.796095 0.148951
0.259 0.795348 0.148719
0.258 0.794601 0.148488
0.257 0.793855 0.148257
0.256 0.793108 0.148028
0.255 0.792362 0.147799
0.254 0.791616 0.147571
0.253 0.79087 0.147343
0.252 0.790125 0.147116
0.251 0.789379 0.14689
0.25 0.788634 0.146665
0.249 0.787889 0.146441
0.248 0.787144 0.146217
0.247 0.7864 0.145994
0.246 0.785656 0.145772
0.245 0.784911 0.145551
0.244 0.784168 0.14533
0.243 0.783424 0.14511
0.242 0.78268 0.144891
0.241 0.781937 0.144672
0.24 0.781194 0.144454
0.239 0.780451 0.144237
0.238 0.779709 0.144021
0.237 0.778967 0.143805
0.236 0.778225 0.14359
0.235 0.777483 0.143376
0.234 0.776741 0.143163
0.233 0.776 0.14295
0.232 0.775259 0.142738
0.231 0.774518 0.142526
0.23 0.773777 0.142315
0.229 0.773037 0.142105
0.228 0.772297 0.141896
0.227 0.771557 0.141687
0.226 0.770818 0.141478
0.226 0.77082 0.14148
0.225 0.770079 0.141271
0.225 0.770081 0.141273
0.224 0.76934 0.141065
0.224 0.769342 0.141067
0.223 0.768602 0.140859
0.223 0.768603 0.140861
0.223 0.768601 0.14086
0.222 0.767863 0.140654
0.222 0.767865 0.140656
0.222 0.767862 0.140654
0.221 0.767125 0.140449
0.221 0.767126 0.140451
0.221 0.767124 0.14045
0.22 0.766388 0.140245
0.22 0.766388 0.140247
0.22 0.766386 0.140246
0.219 0.76565 0.140042
0.219 0.765651 0.140044
0.219 0.765649 0.140043
0.218 0.764913 0.13984
0.218 0.764913 0.139841
0.218 0.764911 0.13984
0.217 0.764176 0.139638
0.217 0.764176 0.139639
0.217 0.764174 0.139638
0.216 0.763439 0.139437
0.216 0.763439 0.139438
0.216 0.763437 0.139437
0.215 0.762703 0.139236
0.215 0.762703 0.139238
0.215 0.762701 0.139236
0.214 0.761967 0.139036
0.214 0.761967 0.139038
0.214 0.761964 0.139036
0.213 0.761231 0.138837
0.213 0.761231 0.138838
0.213 0.761229 0.138837
0.212 0.760495 0.138638
0.212 0.760495 0.13864
0.212 0.760493 0.138638
0.211 0.75976 0.13844
0.211 0.759759 0.138442
0.211 0.759757 0.13844
0.21 0.759024 0.138244
0.21 0.759022 0.138243
0.209 0.758289 0.138048
0.209 0.758288 0.138046
0.208 0.757555 0.137852
0.208 0.757553 0.13785
0.207 0.756821 0.137656
0.207 0.756819 0.137655
0.206 0.756087 0.137461
0.206 0.756085 0.13746
0.205 0.755353 0.137267
0.205 0.755351 0.137266
0.204 0.75462 0.137074
0.204 0.754618 0.137072
0.203 0.753887 0.136881
0.203 0.753885 0.136879
0.202 0.753154 0.136688
0.202 0.753153 0.136687
0.201 0.752421 0.136497
0.201 0.75242 0.136496
0.2 0.751689 0.136306
0.2 0.751688 0.136304
0.199 0.750957 0.136115
0.199 0.750956 0.136114
0.198 0.750226 0.135925
0.198 0.750225 0.135924
0.197 0.749495 0.135736
0.197 0.749494 0.135735
0.196 0.748764 0.135548
0.196 0.748763 0.135546
0.195 0.748033 0.13536
0.195 0.748033 0.135359
0.194 0.747303 0.135172
0.193 0.746573 0.134985
0.192 0.745843 0.134799
0.191 0.745114 0.134614
0.19 0.744385 0.134429
0.189 0.743657 0.134244
0.188 0.742928 0.13406
0.187 0.7422 0.133877
0.186 0.741473 0.133694
0.185 0.740745 0.133512
0.184 0.740018 0.133331
0.183 0.739292 0.13315
0.182 0.738566 0.132969
0.181 0.737841 0.13279
0.18 0.737115 0.132611
0.179 0.73639 0.132432
0.178 0.735665 0.132254
0.177 0.734941 0.132077
0.176 0.734217 0.1319
0.175 0.733493 0.131724
0.174 0.73277 0.131548
0.173 0.732047 0.131373
0.172 0.731324 0.131198
0.171 0.730601 0.131024
0.17 0.72988 0.130851
0.169 0.729158 0.130678
0.168 0.728437 0.130506
0.167 0.727716 0.130334
0.166 0.726995 0.130162
0.165 0.726275 0.129992
0.164 0.725555 0.129822
0.163 0.724835 0.129652
0.162 0.724116 0.129483
0.161 0.723397 0.129314
0.16 0.722678 0.129146
0.159 0.72196 0.128979
0.158 0.721243 0.128812
0.157 0.720525 0.128645
0.156 0.719808 0.128479
0.155 0.719092 0.128314
0.154 0.718376 0.128149
0.153 0.71766 0.127984
0.152 0.716944 0.12782
0.151 0.716229 0.127657
0.15 0.715515 0.127494
0.149 0.7148 0.127332
0.148 0.714087 0.12717
0.147 0.713373 0.127009
0.147 0.713374 0.127009
0.146 0.712662 0.12685
0.146 0.712659 0.126847
0.145 0.711949 0.12669
0.145 0.711946 0.126687
0.144 0.711237 0.12653
0.144 0.711234 0.126527
0.143 0.710525 0.12637
0.143 0.710522 0.126368
0.142 0.709813 0.126212
0.142 0.709811 0.126209
0.141 0.7091 0.126051
0.141 0.709103 0.126053
0.14 0.708389 0.125893
0.14 0.708392 0.125895
0.139 0.707679 0.125736
0.139 0.707682 0.125738
0.138 0.706969 0.125579
0.138 0.706972 0.125581
0.137 0.70626 0.125425
0.137 0.70626 0.125423
0.137 0.706262 0.125425
0.136 0.70555 0.125269
0.136 0.705551 0.125267
0.136 0.705553 0.125269
0.135 0.704841 0.125113
0.135 0.704843 0.125112
0.135 0.704844 0.125114
0.134 0.704134 0.124958
0.134 0.704136 0.124959
0.133 0.703427 0.124803
0.133 0.703428 0.124805
0.132 0.70272 0.12465
0.132 0.70272 0.124651
0.131 0.702013 0.124496
0.13 0.701306 0.124344
0.129 0.7006 0.124191
0.128 0.699894 0.12404
0.127 0.699188 0.123888
0.126 0.698483 0.123737
0.125 0.697778 0.123587
0.124 0.697073 0.123437
0.123 0.69637 0.123287
0.122 0.695667 0.123138
0.121 0.694964 0.122989
0.12 0.694262 0.122841
0.119 0.69356 0.122694
0.119 0.693559 0.122694
0.118 0.692859 0.122547
0.118 0.692857 0.122546
0.117 0.692156 0.122399
0.116 0.691455 0.122253
0.115 0.690754 0.122107
0.115 0.690755 0.122108
0.114 0.690054 0.121962
0.114 0.690055 0.121962
0.113 0.689354 0.121817
0.113 0.689356 0.121817
0.112 0.688657 0.121673
0.112 0.688656 0.121672
0.111 0.687958 0.121529
0.111 0.687957 0.121528
0.11 0.68726 0.121386
0.11 0.687258 0.121385
0.109 0.686563 0.121243
0.109 0.68656 0.121241
0.108 0.685863 0.121099
0.108 0.685864 0.121099
0.107 0.685165 0.120956
0.107 0.685167 0.120957
0.106 0.684469 0.120814
0.106 0.684471 0.120816
0.105 0.683772 0.120673
0.105 0.683775 0.120674
0.104 0.683079 0.120533
0.104 0.683077 0.120532
0.103 0.682384 0.120393
0.103 0.682382 0.120392
0.102 0.68169 0.120253
0.102 0.681687 0.120252
0.101 0.680995 0.120114
0.101 0.680992 0.120112
0.1 0.680298 0.119973
0.1 0.680301 0.119974
0.099 0.679604 0.119834
0.099 0.679607 0.119835
0.098 0.678911 0.119695
0.098 0.678914 0.119697
0.097 0.678222 0.11956
0.097 0.678219 0.119558
0.096 0.67753 0.119422
0.096 0.677526 0.11942
0.095 0.676838 0.119285
0.095 0.676834 0.119283
0.094 0.676143 0.119146
0.094 0.676146 0.119148
0.093 0.675452 0.11901
0.093 0.675455 0.119012
0.092 0.674765 0.118877
0.092 0.674762 0.118875
0.091 0.674075 0.118742
0.091 0.674072 0.118739
0.09 0.673386 0.118607
0.09 0.673382 0.118604
0.089 0.672692 0.118469
0.089 0.672696 0.118472
0.088 0.672003 0.118335
0.088 0.672008 0.118338
0.087 0.67132 0.118205
0.087 0.671316 0.118202
0.086 0.670633 0.118072
0.086 0.670628 0.118068
0.085 0.66994 0.117935
0.085 0.669945 0.117938
0.084 0.669253 0.117803
0.084 0.669258 0.117806
0.083 0.668572 0.117675
0.083 0.668567 0.117671
0.082 0.66788 0.117539
0.082 0.667885 0.117543
0.081 0.667194 0.117408
0.081 0.6672 0.117412
0.08 0.666516 0.117281
0.08 0.66651 0.117277
0.079 0.665825 0.117146
0.079 0.665831 0.117151
0.078 0.66514 0.117016
0.078 0.665147 0.117021
0.077 0.664464 0.116892
0.077 0.664457 0.116887
0.076 0.663773 0.116757
0.076 0.66378 0.116762
0.075 0.663098 0.116634
0.075 0.66309 0.116629
0.074 0.662407 0.1165
0.074 0.662415 0.116506
0.073 0.661734 0.116378
0.073 0.661725 0.116372
0.072 0.661043 0.116244
0.072 0.661053 0.116251
0.071 0.660362 0.116116
0.071 0.660372 0.116123
0.07 0.659692 0.115997
0.07 0.659682 0.11599
0.069 0.659 0.115862
0.069 0.659012 0.115871
0.068 0.65832 0.115736
0.068 0.658333 0.115745
0.067 0.657641 0.11561
0.067 0.657654 0.11562
0.066 0.656962 0.115484
0.066 0.656976 0.115495
0.065 0.656283 0.115359
0.065 0.656299 0.115371
0.064 0.655622 0.115248
0.064 0.655605 0.115234
0.063 0.654926 0.115109
0.063 0.654945 0.115124
0.062 0.65427 0.115002
0.062 0.654248 0.114985
0.061 0.653596 0.11488
0.061 0.65357 0.11486
0.06 0.652922 0.114759
0.06 0.652892 0.114736
0.059 0.652249 0.114638
0.059 0.652214 0.114611
0.058 0.651534 0.114485
0.058 0.651579 0.114519
0.057 0.650911 0.114403
0.057 0.650853 0.114358
0.056 0.650251 0.114293
0.056 0.650166 0.114226
0.055 0.649666 0.114243
0.055 0.649402 0.114034
0.053 0.63697 0.105477
0.053 0.659439 0.123286
0.052 0.630758 0.101515
0.052 0.664351 0.128212
0.051 0.625981 0.098672
0.051 0.667836 0.132022
0.05 0.621903 0.0963698
0.05 0.670628 0.135295
0.049 0.618263 0.0944026
0.049 0.672989 0.138236
0.048 0.614929 0.0926676
0.048 0.675051 0.140949
0.047 0.611826 0.0911066
0.047 0.676888 0.14349
0.046 0.678549 0.145898
0.046 0.608908 0.0896818
0.045 0.606137 0.0883664
0.045 0.680066 0.148199
0.044 0.603493 0.0871426
0.044 0.681464 0.150412
0.043 0.600956 0.0859961
0.043 0.682763 0.15255
0.042 0.598512 0.0849161
0.042 0.683975 0.154624
0.041 0.596149 0.083894
0.041 0.685111 0.156644
0.04 0.686181 0.158615
0.04 0.593861 0.0829234
0.039 0.591638 0.0819978
0.039 0.687191 0.160543
0.038 0.589473 0.081113
0.038 0.688149 0.162434
0.037 0.587365 0.0802653
0.037 0.689058 0.16429
0.036 0.585304 0.0794507
0.036 0.689925 0.166117
0.035 0.583291 0.078667
0.035 0.690752 0.167915
0.034 0.691543 0.169689
0.034 0.581321 0.0779113
0.033 0.579393 0.0771825
0.033 0.692296 0.171435
0.032 0.577498 0.0764761
0.032 0.693023 0.173165
0.031 0.693721 0.174874
0.031 0.575639 0.075792
0.03 0.573813 0.0751289
0.03 0.694393 0.176566
0.029 0.572017 0.0744848
0.029 0.69504 0.178242
0.028 0.695663 0.179902
0.028 0.57025 0.0738589
0.027 0.696265 0.181548
0.027 0.568511 0.0732499
0.026 0.5668 0.0726572
0.026 0.696848 0.183181
0.025 0.565113 0.0720793
0.025 0.697411 0.184802
0.024 0.56345 0.0715157
0.024 0.697956 0.186412
0.023 0.698483 0.18801
0.023 0.56181 0.0709656
0.022 0.698996 0.189599
0.022 0.560192 0.0704283
0.021 0.558596 0.0699033
0.021 0.699493 0.191178
0.02 0.55702 0.0693897
0.02 0.699976 0.192749
0.019 0.555463 0.0688872
0.019 0.700446 0.194311
0.018 0.700902 0.195865
0.018 0.553925 0.0683951
0.017 0.701346 0.197413
0.017 0.552405 0.0679132
0.016 0.701779 0.198954
0.016 0.550902 0.0674408
0.015 0.702201 0.200488
0.015 0.549417 0.0669776
0.014 0.702612 0.202017
0.014 0.547948 0.0665233
0.013 0.546496 0.0660774
0.013 0.703013 0.203539
0.012 0.545058 0.0656396
0.012 0.703405 0.205057
0.011 0.543636 0.0652096
0.011 0.703788 0.206569
0.01 0.704161 0.208077
0.01 0.542228 0.0647871
0.009 0.704526 0.20958
0.009 0.540834 0.0643718
0.008 0.704884 0.21108
0.008 0.539453 0.0639636
0.007 0.705234 0.212575
0.007 0.538087 0.063562
0.006 0.536733 0.0631669
0.006 0.705576 0.214066
0.005 0.535392 0.0627781
0.005 0.705911 0.215554
0.004 0.534063 0.0623953
0.004 0.70624 0.217039
0.003 0.532748 0.0620182
0.003 0.706563 0.218522
0.003 0.532747 0.0620184
0.003 0.706562 0.21852
0.002 0.531443 0.0616469
0.002 0.706879 0.220001
0.002 0.531442 0.0616471
0.002 0.706878 0.219999
0.001 0.53015 0.061281
0.001 0.707189 0.221478
