1 0.527446 1.61828
1 1.36576 0.388859
0.999 0.526722 1.61827
0.999 1.36621 0.38783
0.998 0.526002 1.61826
0.998 1.36665 0.386806
0.997 1.36709 0.385788
0.997 0.525287 1.61824
0.996 1.36753 0.384776
0.996 0.524574 1.61821
0.995 1.36796 0.38377
0.995 0.523866 1.61818
0.994 1.36839 0.382769
0.994 0.523162 1.61814
0.993 1.36882 0.381773
0.993 0.522461 1.6181
0.992 1.36924 0.380783
0.992 0.521764 1.61806
0.991 1.36966 0.379798
0.991 0.521071 1.61801
0.99 1.37007 0.378818
0.99 0.520382 1.61795
0.989 1.37049 0.377844
0.989 0.519696 1.61789
0.988 1.37089 0.376875
0.988 0.519014 1.61782
0.987 1.3713 0.375911
0.987 0.518336 1.61776
0.986 1.3717 0.374952
0.986 0.517661 1.61768
0.985 1.3721 0.373999
0.985 0.51699 1.6176
0.984 0.516322 1.61752
0.984 1.37249 0.373051
0.983 0.515658 1.61743
0.983 1.37289 0.372107
0.982 0.514997 1.61734
0.982 1.37327 0.371169
0.981 0.51434 1.61724
0.981 1.37366 0.370235
0.98 0.513686 1.61714
0.98 1.37404 0.369306
0.979 0.513036 1.61704
0.979 1.37442 0.368382
0.978 0.512389 1.61693
0.978 1.3748 0.367463
0.977 0.511745 1.61682
0.977 1.37517 0.366549
0.976 0.511105 1.6167
0.976 1.37554 0.365639
0.975 1.3759 0.364734
0.975 0.510469 1.61658
0.974 1.37627 0.363834
0.974 0.509835 1.61645
0.973 1.37663 0.362938
0.973 0.509205 1.61632
0.972 1.37698 0.362047
0.972 0.508577 1.61619
0.971 1.37734 0.361161
0.971 0.507953 1.61605
0.97 1.37769 0.360279
0.97 0.507332 1.61591
0.969 1.37804 0.359401
0.969 0.506714 1.61577
0.968 1.37838 0.358528
0.968 0.5061 1.61562
0.967 1.37872 0.35766
0.967 0.505488 1.61547
0.966 1.37906 0.356795
0.966 0.50488 1.61531
0.965 1.37939 0.355935
0.965 0.504274 1.61515
0.964 1.37973 0.35508
0.964 0.503672 1.61499
0.963 1.38006 0.354229
0.963 0.503073 1.61482
0.962 1.38038 0.353381
0.962 0.502476 1.61465
0.961 1.38071 0.352539
0.961 0.501883 1.61448
0.96 1.38103 0.3517
0.96 0.501292 1.6143
0.959 1.38134 0.350866
0.959 0.500705 1.61412
0.958 1.38166 0.350035
0.958 0.50012 1.61394
0.957 1.38197 0.349209
0.957 0.499538 1.61375
0.956 1.38228 0.348387
0.956 0.498959 1.61356
0.955 1.38258 0.347569
0.955 0.498383 1.61337
0.954 1.38289 0.346754
0.954 0.497809 1.61318
0.953 1.38319 0.345944
0.953 0.497239 1.61298
0.952 1.38348 0.345138
0.952 0.496671 1.61277
0.951 1.38378 0.344336
0.951 0.496106 1.61257
0.95 1.38407 0.343537
0.95 0.495544 1.61236
0.949 1.38436 0.342743
0.949 0.494984 1.61215
0.948 1.38465 0.341952
0.948 0.494427 1.61194
0.947 1.38493 0.341165
0.947 0.493873 1.61172
0.946 1.38521 0.340382
0.946 0.493321 1.6115
0.945 1.38549 0.339602
0.945 0.492772 1.61128
0.944 1.38576 0.338827
0.944 0.492226 1.61105
0.943 1.38603 0.338055
0.943 0.491682 1.61082
0.942 1.3863 0.337286
0.942 0.491141 1.61059
0.941 1.38657 0.336522
0.941 0.490602 1.61036
0.94 1.38684 0.335761
0.94 0.490066 1.61012
0.939 1.3871 0.335003
0.939 0.489533 1.60988
0.938 1.38736 0.334249
0.938 0.489001 1.60964
0.937 1.38761 0.333499
0.937 0.488473 1.60939
0.936 1.38787 0.332752
0.936 0.487947 1.60915
0.935 1.38812 0.332009
0.935 0.487423 1.6089
0.934 1.38836 0.331269
0.934 0.486902 1.60865
0.933 1.38861 0.330533
0.933 0.486383 1.60839
0.932 1.38885 0.3298
0.932 0.485867 1.60814
0.931 1.38909 0.32907
0.931 0.485352 1.60788
0.93 1.38933 0.328344
0.93 0.484841 1.60761
0.929 1.38957 0.327621
0.929 0.484331 1.60735
0.928 1.3898 0.326902
0.928 0.483824 1.60708
0.927 1.39003 0.326185
0.927 0.48332 1.60682
0.926 1.39026 0.325472
0.926 0.482817 1.60655
0.925 1.39048 0.324763
0.925 0.482317 1.60627
0.924 1.39071 0.324056
0.924 0.48182 1.606
0.923 1.39093 0.323353
0.923 0.481324 1.60572
0.922 1.39114 0.322653
0.922 0.480831 1.60544
0.921 1.39136 0.321956
0.921 0.48034 1.60516
0.92 1.39157 0.321263
0.92 0.479851 1.60487
0.919 1.39178 0.320572
0.919 0.479364 1.60459
0.918 1.39199 0.319885
0.918 0.47888 1.6043
0.917 1.3922 0.3192
0.917 0.478397 1.60401
0.916 1.3924 0.318519
0.916 0.477917 1.60372
0.915 1.3926 0.317841
0.915 0.477439 1.60343
0.914 1.3928 0.317166
0.914 0.476963 1.60313
0.913 1.39299 0.316494
0.913 0.476489 1.60283
0.912 1.39319 0.315825
0.912 0.476018 1.60253
0.911 1.39338 0.315158
0.911 0.475548 1.60223
0.91 1.39357 0.314495
0.91 0.475081 1.60193
0.909 1.39375 0.313835
0.909 0.474615 1.60162
0.908 1.39394 0.313178
0.908 0.474152 1.60132
0.907 1.39412 0.312523
0.907 0.47369 1.60101
0.906 1.3943 0.311871
0.906 0.473231 1.6007
0.905 1.39447 0.311223
0.905 0.472773 1.60039
0.904 1.39465 0.310577
0.904 0.472318 1.60007
0.903 1.39482 0.309934
0.903 0.471865 1.59976
0.902 1.39499 0.309293
0.902 0.471413 1.59944
0.901 1.39516 0.308656
0.901 0.470964 1.59912
0.9 1.39532 0.308021
0.9 0.470516 1.5988
0.899 1.39549 0.307389
0.899 0.470071 1.59848
0.898 1.39565 0.30676
0.898 0.469627 1.59816
0.897 1.3958 0.306134
0.897 0.469185 1.59783
0.896 1.39596 0.30551
0.896 0.468745 1.5975
0.895 0.468306 1.59718
0.895 1.39611 0.304889
0.894 0.46787 1.59685
0.894 1.39627 0.30427
0.893 0.467436 1.59652
0.893 1.39642 0.303654
0.892 0.467003 1.59618
0.892 1.39656 0.303041
0.891 0.466573 1.59585
0.891 1.39671 0.302431
0.89 0.466144 1.59551
0.89 1.39685 0.301823
0.889 0.465717 1.59518
0.889 1.39699 0.301217
0.888 0.465292 1.59484
0.888 1.39713 0.300615
0.887 0.464868 1.5945
0.887 1.39727 0.300014
0.886 0.464447 1.59416
0.886 1.3974 0.299417
0.885 0.464027 1.59382
0.885 1.39753 0.298821
0.884 0.463609 1.59347
0.884 1.39766 0.298229
0.883 0.463192 1.59313
0.883 1.39779 0.297639
0.882 0.462778 1.59278
0.882 1.39791 0.297051
0.881 0.462365 1.59244
0.881 1.39804 0.296466
0.88 0.461954 1.59209
0.88 1.39816 0.295883
0.879 0.461544 1.59174
0.879 1.39828 0.295302
0.878 0.461137 1.59139
0.878 1.39839 0.294724
0.877 0.46073 1.59104
0.877 1.39851 0.294149
0.876 0.460326 1.59068
0.876 1.39862 0.293576
0.875 0.459923 1.59033
0.875 1.39873 0.293005
0.874 0.459522 1.58997
0.874 1.39884 0.292437
0.873 0.459123 1.58962
0.873 1.39895 0.29187
0.872 0.458725 1.58926
0.872 1.39905 0.291307
0.871 0.458329 1.5889
0.871 1.39915 0.290745
0.87 0.457934 1.58854
0.87 1.39925 0.290186
0.869 0.457541 1.58818
0.869 1.39935 0.289629
0.868 0.45715 1.58782
0.868 1.39945 0.289075
0.867 0.45676 1.58746
0.867 1.39954 0.288522
0.866 0.456372 1.58709
0.866 1.39964 0.287972
0.865 0.455985 1.58673
0.865 1.39973 0.287424
0.864 0.4556 1.58637
0.864 1.39981 0.286879
0.863 0.455217 1.586
0.863 1.3999 0.286335
0.862 0.454835 1.58563
0.862 1.39998 0.285794
0.861 0.454454 1.58526
0.861 1.40007 0.285255
0.86 0.454075 1.58489
0.86 1.40015 0.284718
0.859 0.453698 1.58452
0.859 1.40022 0.284184
0.858 0.453322 1.58415
0.858 1.4003 0.283651
0.857 0.452947 1.58378
0.857 1.40037 0.283121
0.856 0.452574 1.58341
0.856 1.40045 0.282593
0.855 0.452203 1.58304
0.855 1.40052 0.282066
0.854 0.451833 1.58266
0.854 1.40058 0.281542
0.853 0.451464 1.58229
0.853 1.40065 0.28102
0.852 0.451097 1.58191
0.852 1.40071 0.2805
0.851 0.450732 1.58154
0.851 1.40078 0.279983
0.85 0.450368 1.58116
0.85 1.40084 0.279467
0.849 0.450005 1.58078
0.849 1.4009 0.278953
0.848 0.449643 1.5804
0.848 1.40095 0.278441
0.847 0.449284 1.58002
0.847 1.40101 0.277932
0.846 0.448925 1.57964
0.846 1.40106 0.277424
0.845 0.448568 1.57926
0.845 1.40111 0.276918
0.844 0.448212 1.57888
0.844 1.40116 0.276414
0.843 0.447858 1.5785
0.843 1.40121 0.275913
0.842 0.447505 1.57812
0.842 1.40125 0.275413
0.841 0.447153 1.57773
0.841 1.4013 0.274915
0.84 0.446803 1.57735
0.84 1.40134 0.274419
0.839 0.446454 1.57697
0.839 1.40138 0.273925
0.838 1.40142 0.273432
0.838 0.446106 1.57658
0.837 1.40145 0.272942
0.837 0.44576 1.5762
0.836 1.40149 0.272454
0.836 0.445415 1.57581
0.835 1.40152 0.271967
0.835 0.445072 1.57542
0.834 1.40155 0.271483
0.834 0.444729 1.57504
0.833 1.40158 0.271
0.833 0.444388 1.57465
0.832 1.4016 0.270519
0.832 0.444049 1.57426
0.831 1.40163 0.27004
0.831 0.44371 1.57387
0.83 1.40165 0.269563
0.83 0.443373 1.57348
0.829 1.40167 0.269088
0.829 0.443038 1.57309
0.828 1.40169 0.268614
0.828 0.442703 1.5727
0.827 1.40171 0.268143
0.827 0.44237 1.57231
0.826 1.40173 0.267673
0.826 0.442038 1.57192
0.825 1.40174 0.267205
0.825 0.441707 1.57153
0.824 1.40176 0.266738
0.824 0.441377 1.57114
0.823 1.40177 0.266274
0.823 0.441049 1.57074
0.822 0.440721 1.57035
0.822 1.40178 0.265811
0.821 0.440395 1.56996
0.821 1.40178 0.26535
0.82 0.440071 1.56956
0.82 1.40179 0.26489
0.819 0.439747 1.56917
0.819 1.40179 0.264433
0.818 0.439425 1.56877
0.818 1.40179 0.263977
0.817 0.439104 1.56838
0.817 1.40179 0.263523
0.816 0.438784 1.56798
0.816 1.40179 0.26307
0.815 0.438466 1.56759
0.815 1.40179 0.262619
0.814 0.438148 1.56719
0.814 1.40178 0.26217
0.813 0.437832 1.5668
0.813 1.40178 0.261723
0.812 0.437517 1.5664
0.812 1.40177 0.261277
0.811 0.437203 1.566
0.811 1.40176 0.260833
0.81 0.43689 1.56561
0.81 1.40175 0.26039
0.809 0.436579 1.56521
0.809 1.40174 0.259949
0.808 0.436268 1.56481
0.808 1.40172 0.25951
0.807 0.435959 1.56441
0.807 1.4017 0.259072
0.806 0.435651 1.56402
0.806 1.40169 0.258636
0.805 0.435344 1.56362
0.805 1.40167 0.258202
0.804 0.435038 1.56322
0.804 1.40164 0.257769
0.803 0.434733 1.56282
0.803 1.40162 0.257338
0.802 0.434429 1.56242
0.802 1.4016 0.256908
0.801 0.434126 1.56202
0.801 1.40157 0.25648
0.8 0.433825 1.56162
0.8 1.40154 0.256053
0.799 0.433524 1.56122
0.799 1.40151 0.255628
0.798 0.433225 1.56082
0.798 1.40148 0.255205
0.797 0.432927 1.56042
0.797 1.40145 0.254783
0.796 0.432629 1.56002
0.796 1.40141 0.254363
0.795 0.432333 1.55962
0.795 1.40137 0.253944
0.794 0.432038 1.55922
0.794 1.40134 0.253526
0.793 0.431744 1.55882
0.793 1.4013 0.25311
0.792 0.431451 1.55842
0.792 1.40126 0.252696
0.791 0.431159 1.55802
0.791 1.40121 0.252283
0.79 0.430868 1.55762
0.79 1.40117 0.251872
0.789 0.430578 1.55722
0.789 1.40112 0.251462
0.788 0.430289 1.55682
0.788 1.40108 0.251053
0.787 0.430002 1.55641
0.787 1.40103 0.250646
0.786 0.429715 1.55601
0.786 1.40098 0.250241
0.785 0.429429 1.55561
0.785 1.40092 0.249837
0.784 0.429144 1.55521
0.784 1.40087 0.249434
0.783 0.428861 1.55481
0.783 1.40081 0.249033
0.782 0.428578 1.55441
0.782 1.40076 0.248633
0.781 0.428296 1.554
0.781 1.4007 0.248235
0.78 0.428015 1.5536
0.78 1.40064 0.247838
0.779 0.427735 1.5532
0.779 1.40058 0.247442
0.778 0.427457 1.5528
0.778 1.40051 0.247048
0.777 0.427179 1.5524
0.777 1.40045 0.246655
0.776 0.426902 1.55199
0.776 1.40038 0.246264
0.775 0.426626 1.55159
0.775 1.40032 0.245873
0.774 0.426351 1.55119
0.774 1.40025 0.245485
0.773 0.426077 1.55079
0.773 1.40018 0.245097
0.772 0.425804 1.55039
0.772 1.4001 0.244711
0.771 0.425532 1.54998
0.771 1.40003 0.244327
0.77 0.425261 1.54958
0.77 1.39996 0.243943
0.769 0.424991 1.54918
0.769 1.39988 0.243561
0.768 0.424721 1.54878
0.768 1.3998 0.243181
0.767 0.424453 1.54838
0.767 1.39972 0.242801
0.766 0.424186 1.54797
0.766 1.39964 0.242423
0.765 0.423919 1.54757
0.765 1.39956 0.242047
0.764 0.423653 1.54717
0.764 1.39947 0.241671
0.763 1.39939 0.241297
0.763 0.423389 1.54677
0.762 1.3993 0.240924
0.762 0.423125 1.54637
0.761 1.39921 0.240553
0.761 0.422862 1.54596
0.76 1.39912 0.240183
0.76 0.4226 1.54556
0.759 1.39903 0.239814
0.759 0.422339 1.54516
0.758 1.39894 0.239446
0.758 0.422079 1.54476
0.757 1.39885 0.239079
0.757 0.42182 1.54436
0.756 1.39875 0.238714
0.756 0.421561 1.54396
0.755 1.39865 0.23835
0.755 0.421304 1.54356
0.754 1.39855 0.237987
0.754 0.421047 1.54316
0.753 1.39846 0.237626
0.753 0.420791 1.54275
0.752 1.39835 0.237266
0.752 0.420536 1.54235
0.751 1.39825 0.236906
0.751 0.420282 1.54195
0.75 1.39815 0.236549
0.75 0.420029 1.54155
0.749 1.39804 0.236192
0.749 0.419776 1.54115
0.748 1.39793 0.235836
0.748 0.419525 1.54075
0.747 1.39783 0.235482
0.747 0.419274 1.54035
0.746 1.39772 0.235129
0.746 0.419024 1.53995
0.745 1.39761 0.234777
0.745 0.418775 1.53955
0.744 1.39749 0.234427
0.744 0.418527 1.53915
0.743 1.39738 0.234077
0.743 0.41828 1.53875
0.742 1.39726 0.233729
0.742 0.418033 1.53835
0.741 1.39715 0.233381
0.741 0.417788 1.53795
0.74 1.39703 0.233035
0.74 0.417543 1.53755
0.739 1.39691 0.232691
0.739 0.417299 1.53716
0.738 1.39679 0.232347
0.738 0.417055 1.53676
0.737 1.39667 0.232004
0.737 0.416813 1.53636
0.736 1.39655 0.231663
0.736 0.416571 1.53596
0.735 1.39642 0.231322
0.735 0.41633 1.53556
0.734 1.39629 0.230983
0.734 0.41609 1.53516
0.733 1.39617 0.230645
0.733 0.415851 1.53477
0.732 1.39604 0.230308
0.732 0.415613 1.53437
0.731 1.39591 0.229972
0.731 0.415375 1.53397
0.73 1.39578 0.229637
0.73 0.415138 1.53358
0.729 1.39564 0.229304
0.729 0.414902 1.53318
0.728 1.39551 0.228971
0.728 0.414666 1.53278
0.727 1.39538 0.22864
0.727 0.414432 1.53239
0.726 1.39524 0.228309
0.726 0.414198 1.53199
0.725 1.3951 0.22798
0.725 0.413965 1.53159
0.724 1.39496 0.227652
0.724 0.413733 1.5312
0.723 1.39482 0.227325
0.723 0.413501 1.5308
0.722 1.39468 0.226999
0.722 0.41327 1.53041
0.721 1.39454 0.226673
0.721 0.41304 1.53001
0.72 1.39439 0.226349
0.72 0.412811 1.52962
0.719 1.39425 0.226027
0.719 0.412582 1.52922
0.718 1.3941 0.225705
0.718 0.412355 1.52883
0.717 1.39395 0.225384
0.717 0.412127 1.52844
0.716 1.3938 0.225064
0.716 0.411901 1.52804
0.715 1.39365 0.224745
0.715 0.411675 1.52765
0.714 1.3935 0.224427
0.714 0.411451 1.52726
0.713 1.39335 0.224111
0.713 0.411226 1.52686
0.712 1.39319 0.223795
0.712 0.411003 1.52647
0.711 1.39304 0.22348
0.711 0.41078 1.52608
0.71 1.39288 0.223166
0.71 0.410558 1.52569
0.709 1.39272 0.222854
0.709 0.410337 1.5253
0.708 1.39256 0.222542
0.708 0.410116 1.5249
0.707 1.3924 0.222231
0.707 0.409896 1.52451
0.706 1.39224 0.221922
0.706 0.409677 1.52412
0.705 1.39208 0.221613
0.705 0.409459 1.52373
0.704 1.39191 0.221305
0.704 0.409241 1.52334
0.703 1.39175 0.220998
0.703 0.409024 1.52295
0.702 1.39158 0.220692
0.702 0.408807 1.52256
0.701 1.39141 0.220388
0.701 0.408592 1.52217
0.7 1.39125 0.220084
0.7 0.408376 1.52179
0.699 1.39108 0.219781
0.699 0.408162 1.5214
0.698 1.3909 0.219479
0.698 0.407948 1.52101
0.697 1.39073 0.219178
0.697 0.407735 1.52062
0.696 1.39056 0.218878
0.696 0.407523 1.52023
0.695 1.39038 0.218579
0.695 0.407311 1.51985
0.694 1.39021 0.21828
0.694 0.4071 1.51946
0.693 1.39003 0.217983
0.693 0.40689 1.51907
0.692 1.38985 0.217687
0.692 0.40668 1.51869
0.691 1.38967 0.217391
0.691 0.406471 1.5183
0.69 1.38949 0.217097
0.69 0.406263 1.51792
0.689 1.38931 0.216803
0.689 0.406055 1.51753
0.688 1.38912 0.216511
0.688 0.405848 1.51715
0.687 1.38894 0.216219
0.687 0.405642 1.51676
0.686 0.405437 1.51638
0.686 1.38875 0.215928
0.685 0.405232 1.516
0.685 1.38857 0.215638
0.684 0.405027 1.51561
0.684 1.38838 0.215349
0.683 0.404823 1.51523
0.683 1.38819 0.215061
0.682 0.40462 1.51485
0.682 1.388 0.214774
0.681 0.404417 1.51447
0.681 1.38781 0.214487
0.68 1.38762 0.214202
0.68 0.404214 1.51408
0.679 1.38742 0.213917
0.679 0.404013 1.5137
0.678 1.38723 0.213634
0.678 0.403812 1.51332
0.677 1.38703 0.213351
0.677 0.403612 1.51294
0.676 1.38684 0.213069
0.676 0.403413 1.51256
0.675 1.38664 0.212788
0.675 0.403214 1.51218
0.674 1.38644 0.212507
0.674 0.403016 1.5118
0.673 1.38624 0.212228
0.673 0.402818 1.51142
0.672 1.38604 0.211949
0.672 0.402621 1.51105
0.671 0.402425 1.51067
0.671 1.38584 0.211671
0.67 0.402229 1.51029
0.67 1.38563 0.211394
0.669 0.402034 1.50991
0.669 1.38543 0.211118
0.668 0.401839 1.50954
0.668 1.38522 0.210843
0.667 0.401645 1.50916
0.667 1.38502 0.210569
0.666 0.401451 1.50878
0.666 1.38481 0.210295
0.665 0.401259 1.50841
0.665 1.3846 0.210022
0.664 0.401066 1.50803
0.664 1.38439 0.20975
0.663 0.400875 1.50766
0.663 1.38418 0.209479
0.662 0.400684 1.50728
0.662 1.38397 0.209209
0.661 0.400493 1.50691
0.661 1.38375 0.20894
0.66 0.400303 1.50654
0.66 1.38354 0.208671
0.659 0.400114 1.50616
0.659 1.38332 0.208403
0.658 0.399925 1.50579
0.658 1.38311 0.208136
0.657 0.399737 1.50542
0.657 1.38289 0.20787
0.656 0.399549 1.50505
0.656 1.38267 0.207605
0.655 0.399362 1.50467
0.655 1.38245 0.20734
0.654 0.399176 1.5043
0.654 1.38223 0.207076
0.653 0.39899 1.50393
0.653 1.38201 0.206813
0.652 0.398804 1.50356
0.652 1.38179 0.206551
0.651 0.398619 1.50319
0.651 1.38156 0.20629
0.65 0.398435 1.50282
0.65 1.38134 0.206029
0.649 0.398251 1.50246
0.649 1.38111 0.205769
0.648 0.398068 1.50209
0.648 1.38089 0.20551
0.647 0.397886 1.50172
0.647 1.38066 0.205252
0.646 0.397704 1.50135
0.646 1.38043 0.204994
0.645 1.3802 0.204737
0.645 0.397521 1.50098
0.644 1.37997 0.204481
0.644 0.39734 1.50062
0.643 1.37974 0.204226
0.643 0.39716 1.50025
0.642 1.37951 0.203971
0.642 0.39698 1.49988
0.641 1.37927 0.203718
0.641 0.396801 1.49952
0.64 1.37904 0.203465
0.64 0.396622 1.49915
0.639 1.3788 0.203212
0.639 0.396444 1.49879
0.638 1.37856 0.202961
0.638 0.396266 1.49843
0.637 1.37833 0.20271
0.637 0.396089 1.49806
0.636 1.37809 0.20246
0.636 0.395912 1.4977
0.635 1.37785 0.20221
0.635 0.395736 1.49734
0.634 1.37761 0.201962
0.634 0.39556 1.49698
0.633 1.37737 0.201714
0.633 0.395385 1.49661
0.632 1.37712 0.201467
0.632 0.395211 1.49625
0.631 1.37688 0.20122
0.631 0.395036 1.49589
0.63 1.37663 0.200975
0.63 0.394863 1.49553
0.629 1.37639 0.200729
0.629 0.39469 1.49517
0.628 1.37614 0.200485
0.628 0.394517 1.49481
0.627 1.37589 0.200242
0.627 0.394345 1.49445
0.626 1.37565 0.199999
0.626 0.394174 1.4941
0.625 1.3754 0.199756
0.625 0.394003 1.49374
0.624 1.37515 0.199515
0.624 0.393832 1.49338
0.623 1.37489 0.199274
0.623 0.393662 1.49302
0.622 1.37464 0.199034
0.622 0.393493 1.49267
0.621 1.37439 0.198795
0.621 0.393324 1.49231
0.62 1.37414 0.198556
0.62 0.393156 1.49196
0.619 1.37388 0.198318
0.619 0.392988 1.4916
0.618 1.37362 0.198081
0.618 0.39282 1.49125
0.617 1.37337 0.197844
0.617 0.392653 1.49089
0.616 1.37311 0.197608
0.616 0.392487 1.49054
0.615 1.37285 0.197373
0.615 0.392321 1.49019
0.614 1.37259 0.197138
0.614 0.392155 1.48983
0.613 1.37233 0.196904
0.613 0.39199 1.48948
0.612 1.37207 0.196671
0.612 0.391825 1.48913
0.611 1.37181 0.196438
0.611 0.391661 1.48878
0.61 1.37154 0.196206
0.61 0.391498 1.48843
0.609 1.37128 0.195975
0.609 0.391335 1.48808
0.608 1.37101 0.195744
0.608 0.391172 1.48773
0.607 1.37075 0.195514
0.607 0.39101 1.48738
0.606 1.37048 0.195285
0.606 0.390848 1.48703
0.605 1.37021 0.195056
0.605 0.390687 1.48668
0.604 1.36994 0.194828
0.604 0.390526 1.48633
0.603 1.36967 0.194601
0.603 0.390366 1.48599
0.602 1.3694 0.194374
0.602 0.390206 1.48564
0.601 1.36913 0.194148
0.601 0.390047 1.48529
0.6 1.36886 0.193922
0.6 0.389888 1.48495
0.599 1.36859 0.193698
0.599 0.38973 1.4846
0.598 1.36831 0.193473
0.598 0.389572 1.48426
0.597 1.36804 0.19325
0.597 0.389414 1.48391
0.596 1.36776 0.193027
0.596 0.389257 1.48357
0.595 1.36748 0.192805
0.595 0.389101 1.48323
0.594 1.36721 0.192583
0.594 0.388944 1.48288
0.593 1.36693 0.192362
0.593 0.388789 1.48254
0.592 1.36665 0.192141
0.592 0.388633 1.4822
0.591 1.36637 0.191922
0.591 0.388479 1.48186
0.59 1.36609 0.191702
0.59 0.388324 1.48152
0.589 1.36581 0.191484
0.589 0.388171 1.48118
0.588 1.36552 0.191266
0.588 0.388017 1.48084
0.587 1.36524 0.191048
0.587 0.387864 1.4805
0.586 1.36496 0.190832
0.586 0.387712 1.48016
0.585 1.36467 0.190616
0.585 0.387559 1.47982
0.584 1.36438 0.1904
0.584 0.387408 1.47948
0.583 1.3641 0.190185
0.583 0.387257 1.47915
0.582 1.36381 0.189971
0.582 0.387106 1.47881
0.581 1.36352 0.189757
0.581 0.386955 1.47847
0.58 1.36323 0.189544
0.58 0.386806 1.47814
0.579 1.36294 0.189331
0.579 0.386656 1.4778
0.578 1.36265 0.189119
0.578 0.386507 1.47747
0.577 1.36236 0.188908
0.577 0.386358 1.47713
0.576 1.36207 0.188697
0.576 0.38621 1.4768
0.575 1.36177 0.188487
0.575 0.386062 1.47647
0.574 1.36148 0.188277
0.574 0.385915 1.47613
0.573 1.36118 0.188068
0.573 0.385768 1.4758
0.572 1.36089 0.187859
0.572 0.385622 1.47547
0.571 1.36059 0.187651
0.571 0.385475 1.47514
0.57 1.36029 0.187444
0.57 0.38533 1.47481
0.569 1.35999 0.187237
0.569 0.385185 1.47448
0.568 1.3597 0.187031
0.568 0.38504 1.47415
0.567 1.3594 0.186825
0.567 0.384895 1.47382
0.566 1.35909 0.18662
0.566 0.384751 1.47349
0.565 1.35879 0.186416
0.565 0.384608 1.47316
0.564 1.35849 0.186212
0.564 0.384465 1.47284
0.563 1.35819 0.186008
0.563 0.384322 1.47251
0.562 1.35788 0.185806
0.562 0.384179 1.47218
0.561 1.35758 0.185603
0.561 0.384038 1.47186
0.56 1.35727 0.185401
0.56 0.383896 1.47153
0.559 1.35697 0.1852
0.559 0.383755 1.47121
0.558 1.35666 0.185
0.558 0.383614 1.47088
0.557 1.35635 0.184799
0.557 0.383474 1.47056
0.556 1.35604 0.1846
0.556 0.383334 1.47023
0.555 1.35574 0.184401
0.555 0.383194 1.46991
0.554 1.35543 0.184202
0.554 0.383055 1.46959
0.553 1.35511 0.184004
0.553 0.382916 1.46927
0.552 1.3548 0.183807
0.552 0.382778 1.46895
0.551 1.35449 0.18361
0.551 0.38264 1.46862
0.55 1.35418 0.183414
0.55 0.382503 1.4683
0.549 1.35386 0.183218
0.549 0.382366 1.46798
0.548 1.35355 0.183023
0.548 0.382229 1.46766
0.547 1.35323 0.182828
0.547 0.382092 1.46735
0.546 1.35292 0.182634
0.546 0.381956 1.46703
0.545 1.3526 0.18244
0.545 0.381821 1.46671
0.544 1.35228 0.182247
0.544 0.381686 1.46639
0.543 1.35197 0.182054
0.543 0.381551 1.46608
0.542 1.35165 0.181862
0.542 0.381416 1.46576
0.541 1.35133 0.18167
0.541 0.381282 1.46544
0.54 1.35101 0.181479
0.54 0.381149 1.46513
0.539 1.35069 0.181289
0.539 0.381015 1.46481
0.538 1.35036 0.181098
0.538 0.380882 1.4645
0.537 1.35004 0.180909
0.537 0.38075 1.46419
0.536 1.34972 0.18072
0.536 0.380618 1.46387
0.535 1.34939 0.180531
0.535 0.380486 1.46356
0.534 1.34907 0.180343
0.534 0.380355 1.46325
0.533 1.34874 0.180156
0.533 0.380224 1.46294
0.532 1.34842 0.179968
0.532 0.380093 1.46263
0.531 1.34809 0.179782
0.531 0.379963 1.46231
0.53 1.34776 0.179596
0.53 0.379833 1.462
0.529 1.34744 0.17941
0.529 0.379703 1.4617
0.528 1.34711 0.179225
0.528 0.379574 1.46139
0.527 1.34678 0.179041
0.527 0.379445 1.46108
0.526 1.34645 0.178856
0.526 0.379317 1.46077
0.525 1.34612 0.178673
0.525 0.379189 1.46046
0.524 1.34578 0.17849
0.524 0.379061 1.46016
0.523 1.34545 0.178307
0.523 0.378934 1.45985
0.522 1.34512 0.178125
0.522 0.378807 1.45954
0.521 1.34478 0.177943
0.521 0.37868 1.45924
0.52 1.34445 0.177762
0.52 0.378554 1.45893
0.519 1.34412 0.177581
0.519 0.378428 1.45863
0.518 1.34378 0.177401
0.518 0.378302 1.45832
0.517 1.34344 0.177221
0.517 0.378177 1.45802
0.516 1.34311 0.177042
0.516 0.378052 1.45772
0.515 1.34277 0.176863
0.515 0.377928 1.45742
0.514 0.377804 1.45712
0.514 1.34243 0.176685
0.513 0.37768 1.45681
0.513 1.34209 0.176507
0.512 0.377556 1.45651
0.512 1.34175 0.176329
0.511 0.377433 1.45621
0.511 1.34141 0.176153
0.51 0.377311 1.45591
0.51 1.34107 0.175976
0.509 0.377188 1.45561
0.509 1.34073 0.1758
0.508 0.377066 1.45531
0.508 1.34038 0.175624
0.507 0.376945 1.45502
0.507 1.34004 0.175449
0.506 0.376823 1.45472
0.506 1.3397 0.175275
0.505 0.376702 1.45442
0.505 1.33935 0.175101
0.504 0.376582 1.45413
0.504 1.33901 0.174927
0.503 0.376461 1.45383
0.503 1.33866 0.174754
0.502 0.376341 1.45353
0.502 1.33832 0.174581
0.501 0.376222 1.45324
0.501 1.33797 0.174408
0.5 0.376103 1.45294
0.5 1.33762 0.174236
0.499 0.375984 1.45265
0.499 1.33727 0.174065
0.498 0.375865 1.45236
0.498 1.33692 0.173894
0.497 0.375747 1.45206
0.497 1.33658 0.173723
0.496 0.375629 1.45177
0.496 1.33623 0.173553
0.495 0.375511 1.45148
0.495 1.33587 0.173384
0.494 0.375394 1.45119
0.494 1.33552 0.173214
0.493 0.375277 1.4509
0.493 1.33517 0.173046
0.492 0.375161 1.4506
0.492 1.33482 0.172877
0.491 0.375044 1.45031
0.491 1.33447 0.172709
0.49 0.374928 1.45003
0.49 1.33411 0.172542
0.489 0.374813 1.44974
0.489 1.33376 0.172375
0.488 0.374698 1.44945
0.488 1.3334 0.172208
0.487 0.374583 1.44916
0.487 1.33305 0.172042
0.486 0.374468 1.44887
0.486 1.33269 0.171876
0.485 0.374354 1.44859
0.485 1.33233 0.171711
0.484 0.37424 1.4483
0.484 1.33198 0.171546
0.483 0.374126 1.44801
0.483 1.33162 0.171381
0.482 0.374013 1.44773
0.482 1.33126 0.171217
0.481 0.3739 1.44744
0.481 1.3309 0.171054
0.48 0.373788 1.44716
0.48 1.33054 0.17089
0.479 0.373675 1.44687
0.479 1.33018 0.170728
0.478 0.373563 1.44659
0.478 1.32982 0.170565
0.477 0.373452 1.44631
0.477 1.32946 0.170403
0.476 0.37334 1.44603
0.476 1.32909 0.170242
0.475 0.373229 1.44574
0.475 1.32873 0.170081
0.474 0.373119 1.44546
0.474 1.32837 0.16992
0.473 0.373008 1.44518
0.473 1.328 0.16976
0.472 0.372898 1.4449
0.472 1.32764 0.1696
0.471 0.372788 1.44462
0.471 1.32727 0.16944
0.47 0.372679 1.44434
0.47 1.32691 0.169281
0.469 0.37257 1.44406
0.469 1.32654 0.169123
0.468 0.372461 1.44378
0.468 1.32617 0.168964
0.467 0.372353 1.44351
0.467 1.32581 0.168807
0.466 0.372244 1.44323
0.466 1.32544 0.168649
0.465 1.32507 0.168492
0.465 0.372137 1.44295
0.464 1.3247 0.168335
0.464 0.372029 1.44268
0.463 1.32433 0.168179
0.463 0.371922 1.4424
0.462 1.32396 0.168023
0.462 0.371815 1.44212
0.461 1.32359 0.167867
0.461 0.371708 1.44185
0.46 1.32322 0.167712
0.46 0.371602 1.44158
0.459 1.32285 0.167558
0.459 0.371496 1.4413
0.458 1.32247 0.167403
0.458 0.37139 1.44103
0.457 1.3221 0.16725
0.457 0.371285 1.44076
0.456 1.32173 0.167096
0.456 0.37118 1.44048
0.455 1.32135 0.166943
0.455 0.371075 1.44021
0.454 1.32098 0.16679
0.454 0.370971 1.43994
0.453 1.3206 0.166638
0.453 0.370866 1.43967
0.452 1.32023 0.166486
0.452 0.370763 1.4394
0.451 1.31985 0.166335
0.451 0.370659 1.43913
0.45 1.31947 0.166184
0.45 0.370556 1.43886
0.449 1.3191 0.166033
0.449 0.370453 1.43859
0.448 1.31872 0.165882
0.448 0.37035 1.43832
0.447 1.31834 0.165732
0.447 0.370248 1.43805
0.446 1.31796 0.165583
0.446 0.370146 1.43779
0.445 1.31758 0.165434
0.445 0.370044 1.43752
0.444 1.3172 0.165285
0.444 0.369943 1.43725
0.443 1.31682 0.165136
0.443 0.369841 1.43699
0.442 1.31644 0.164988
0.442 0.36974 1.43672
0.441 1.31606 0.16484
0.441 0.36964 1.43646
0.44 1.31568 0.164693
0.44 0.36954 1.43619
0.439 1.31529 0.164546
0.439 0.36944 1.43593
0.438 1.31491 0.1644
0.438 0.36934 1.43567
0.437 1.31453 0.164253
0.437 0.369241 1.4354
0.436 1.31414 0.164107
0.436 0.369141 1.43514
0.435 1.31376 0.163962
0.435 0.369043 1.43488
0.434 1.31337 0.163817
0.434 0.368944 1.43462
0.433 1.31299 0.163672
0.433 0.368846 1.43436
0.432 1.3126 0.163528
0.432 0.368748 1.43409
0.431 1.31221 0.163384
0.431 0.36865 1.43383
0.43 1.31183 0.16324
0.43 0.368553 1.43358
0.429 1.31144 0.163097
0.429 0.368456 1.43332
0.428 1.31105 0.162954
0.428 0.368359 1.43306
0.427 1.31066 0.162811
0.427 0.368263 1.4328
0.426 1.31027 0.162669
0.426 0.368166 1.43254
0.425 1.30988 0.162527
0.425 0.36807 1.43228
0.424 1.30949 0.162386
0.424 0.367975 1.43203
0.423 1.3091 0.162244
0.423 0.367879 1.43177
0.422 1.30871 0.162104
0.422 0.367784 1.43152
0.421 1.30832 0.161963
0.421 0.36769 1.43126
0.42 1.30793 0.161823
0.42 0.367595 1.43101
0.419 1.30753 0.161683
0.419 0.367501 1.43075
0.418 1.30714 0.161544
0.418 0.367407 1.4305
0.417 1.30675 0.161405
0.417 0.367313 1.43024
0.416 1.30635 0.161266
0.416 0.36722 1.42999
0.415 1.30596 0.161128
0.415 0.367127 1.42974
0.414 1.30556 0.16099
0.414 0.367034 1.42949
0.413 1.30517 0.160852
0.413 0.366941 1.42924
0.412 1.30477 0.160715
0.412 0.366849 1.42899
0.411 1.30438 0.160578
0.411 0.366757 1.42874
0.41 1.30398 0.160442
0.41 0.366665 1.42849
0.409 1.30358 0.160305
0.409 0.366574 1.42824
0.408 1.30318 0.160169
0.408 0.366483 1.42799
0.407 1.30279 0.160034
0.407 0.366392 1.42774
0.406 1.30239 0.159899
0.406 0.366301 1.42749
0.405 1.30199 0.159764
0.405 0.366211 1.42724
0.404 1.30159 0.159629
0.404 0.366121 1.427
0.403 1.30119 0.159495
0.403 0.366031 1.42675
0.402 1.30079 0.159361
0.402 0.365942 1.4265
0.401 1.30039 0.159227
0.401 0.365852 1.42626
0.4 1.29998 0.159094
0.4 0.365763 1.42601
0.399 1.29958 0.158961
0.399 0.365675 1.42577
0.398 1.29918 0.158829
0.398 0.365586 1.42552
0.397 1.29878 0.158697
0.397 0.365498 1.42528
0.396 1.29837 0.158565
0.396 0.36541 1.42504
0.395 1.29797 0.158433
0.395 0.365323 1.42479
0.394 1.29757 0.158302
0.394 0.365235 1.42455
0.393 1.29716 0.158171
0.393 0.365148 1.42431
0.392 1.29676 0.15804
0.392 0.365061 1.42407
0.391 1.29635 0.15791
0.391 0.364975 1.42383
0.39 1.29595 0.15778
0.39 0.364889 1.42359
0.389 1.29554 0.157651
0.389 0.364803 1.42335
0.388 1.29513 0.157521
0.388 0.364717 1.42311
0.387 1.29473 0.157392
0.387 0.364631 1.42287
0.386 1.29432 0.157264
0.386 0.364546 1.42263
0.385 1.29391 0.157135
0.385 0.364461 1.42239
0.384 1.2935 0.157007
0.384 0.364376 1.42215
0.383 1.29309 0.15688
0.383 0.364292 1.42192
0.382 1.29268 0.156752
0.382 0.364208 1.42168
0.381 1.29227 0.156625
0.381 0.364124 1.42144
0.38 1.29186 0.156499
0.38 0.36404 1.42121
0.379 1.29145 0.156372
0.379 0.363957 1.42097
0.378 1.29104 0.156246
0.378 0.363874 1.42074
0.377 1.29063 0.15612
0.377 0.363791 1.4205
0.376 1.29022 0.155995
0.376 0.363708 1.42027
0.375 1.28981 0.15587
0.375 0.363626 1.42003
0.374 1.28939 0.155745
0.374 0.363544 1.4198
0.373 1.28898 0.15562
0.373 0.363462 1.41957
0.372 1.28857 0.155496
0.372 0.363381 1.41934
0.371 1.28815 0.155372
0.371 0.363299 1.4191
0.37 1.28774 0.155249
0.37 0.363218 1.41887
0.369 1.28732 0.155125
0.369 0.363138 1.41864
0.368 1.28691 0.155002
0.368 0.363057 1.41841
0.367 1.28649 0.15488
0.367 0.362977 1.41818
0.366 1.28608 0.154757
0.366 0.362897 1.41795
0.365 1.28566 0.154635
0.365 0.362817 1.41772
0.364 1.28524 0.154514
0.364 0.362737 1.41749
0.363 1.28483 0.154392
0.363 0.362658 1.41727
0.362 1.28441 0.154271
0.362 0.362579 1.41704
0.361 1.28399 0.15415
0.361 0.362501 1.41681
0.36 1.28357 0.15403
0.36 0.362422 1.41658
0.359 1.28315 0.153909
0.359 0.362344 1.41636
0.358 1.28274 0.153789
0.358 0.362266 1.41613
0.357 1.28232 0.15367
0.357 0.362188 1.41591
0.356 1.2819 0.15355
0.356 0.362111 1.41568
0.355 1.28148 0.153431
0.355 0.362033 1.41546
0.354 1.28106 0.153312
0.354 0.361956 1.41523
0.353 1.28063 0.153194
0.353 0.36188 1.41501
0.352 1.28021 0.153076
0.352 0.361803 1.41478
0.351 1.27979 0.152958
0.351 0.361727 1.41456
0.35 1.27937 0.15284
0.35 0.361651 1.41434
0.349 1.27895 0.152723
0.349 0.361575 1.41412
0.348 1.27852 0.152606
0.348 0.3615 1.4139
0.347 1.2781 0.152489
0.347 0.361425 1.41368
0.346 1.27768 0.152373
0.346 0.36135 1.41345
0.345 1.27725 0.152257
0.345 0.361275 1.41323
0.344 1.27683 0.152141
0.344 0.361201 1.41301
0.343 1.2764 0.152025
0.343 0.361126 1.41279
0.342 1.27598 0.15191
0.342 0.361052 1.41258
0.341 1.27555 0.151795
0.341 0.360979 1.41236
0.34 1.27513 0.151681
0.34 0.360905 1.41214
0.339 1.2747 0.151566
0.339 0.360832 1.41192
0.338 1.27428 0.151452
0.338 0.360759 1.4117
0.337 1.27385 0.151338
0.337 0.360686 1.41149
0.336 1.27342 0.151225
0.336 0.360614 1.41127
0.335 1.27299 0.151111
0.335 0.360541 1.41106
0.334 1.27257 0.150998
0.334 0.360469 1.41084
0.333 1.27214 0.150886
0.333 0.360398 1.41063
0.332 1.27171 0.150773
0.332 0.360326 1.41041
0.331 1.27128 0.150661
0.331 0.360255 1.4102
0.33 1.27085 0.150549
0.33 0.360184 1.40998
0.329 1.27042 0.150438
0.329 0.360113 1.40977
0.328 1.26999 0.150326
0.328 0.360042 1.40956
0.327 1.26956 0.150215
0.327 0.359972 1.40934
0.326 1.26913 0.150105
0.326 0.359902 1.40913
0.325 1.2687 0.149994
0.325 0.359832 1.40892
0.324 1.26827 0.149885
0.324 0.359764 1.40871
0.323 1.26784 0.149775
0.323 0.359695 1.4085
0.322 1.2674 0.149665
0.322 0.359626 1.40829
0.321 1.26697 0.149556
0.321 0.359557 1.40808
0.32 1.26654 0.149447
0.32 0.359488 1.40787
0.319 1.26611 0.149338
0.319 0.35942 1.40766
0.318 1.26567 0.149229
0.318 0.359352 1.40745
0.317 1.26524 0.149121
0.317 0.359284 1.40724
0.316 1.26481 0.149013
0.316 0.359216 1.40704
0.315 1.26437 0.148905
0.315 0.359148 1.40683
0.314 1.26394 0.148798
0.314 0.359081 1.40662
0.313 1.2635 0.148691
0.313 0.359014 1.40641
0.312 1.26307 0.148584
0.312 0.358948 1.40621
0.311 1.26263 0.148477
0.311 0.358881 1.406
0.31 1.26219 0.148371
0.31 0.358815 1.4058
0.309 1.26176 0.148264
0.309 0.358749 1.40559
0.308 1.26132 0.148158
0.308 0.358683 1.40539
0.307 1.26088 0.148053
0.307 0.358617 1.40518
0.306 1.26045 0.147948
0.306 0.358552 1.40498
0.305 1.26001 0.147842
0.305 0.358487 1.40478
0.304 1.25957 0.147738
0.304 0.358422 1.40457
0.303 1.25913 0.147633
0.303 0.358358 1.40437
0.302 1.2587 0.147529
0.302 0.358293 1.40417
0.301 1.25826 0.147425
0.301 0.358229 1.40397
0.3 1.25782 0.147321
0.3 0.358165 1.40377
0.299 1.25738 0.147217
0.299 0.358102 1.40357
0.298 1.25694 0.147114
0.298 0.358038 1.40337
0.297 1.2565 0.147011
0.297 0.357975 1.40317
0.296 1.25606 0.146908
0.296 0.357912 1.40297
0.295 1.25562 0.146806
0.295 0.357849 1.40277
0.294 1.25518 0.146704
0.294 0.357787 1.40257
0.293 1.25474 0.146602
0.293 0.357724 1.40237
0.292 1.25429 0.1465
0.292 0.357662 1.40217
0.291 1.25385 0.146398
0.291 0.357601 1.40197
0.29 1.25341 0.146297
0.29 0.357539 1.40178
0.289 1.25297 0.146196
0.289 0.357478 1.40158
0.288 1.25252 0.146096
0.288 0.357417 1.40138
0.287 1.25208 0.145995
0.287 0.357356 1.40119
0.286 1.25164 0.145895
0.286 0.357295 1.40099
0.285 1.2512 0.145795
0.285 0.357235 1.4008
0.284 1.25075 0.145695
0.284 0.357174 1.4006
0.283 1.25031 0.145596
0.283 0.357114 1.40041
0.282 1.24986 0.145497
0.282 0.357055 1.40021
0.281 1.24942 0.145398
0.281 0.356995 1.40002
0.28 1.24897 0.145299
0.28 0.356936 1.39983
0.279 1.24853 0.145201
0.279 0.356877 1.39963
0.278 1.24808 0.145102
0.278 0.356818 1.39944
0.277 1.24764 0.145004
0.277 0.356759 1.39925
0.276 1.24719 0.144907
0.276 0.356701 1.39906
0.275 1.24674 0.144809
0.275 0.356643 1.39886
0.274 1.2463 0.144712
0.274 0.356585 1.39867
0.273 1.24585 0.144615
0.273 0.356527 1.39848
0.272 1.2454 0.144518
0.272 0.35647 1.39829
0.271 1.24496 0.144422
0.271 0.356413 1.3981
0.27 1.24451 0.144326
0.27 0.356356 1.39791
0.269 1.24406 0.14423
0.269 0.356299 1.39772
0.268 1.24361 0.144134
0.268 0.356242 1.39754
0.267 1.24316 0.144038
0.267 0.356186 1.39735
0.266 1.24271 0.143943
0.266 0.35613 1.39716
0.265 1.24227 0.143848
0.265 0.356074 1.39697
0.264 1.24182 0.143753
0.264 0.356018 1.39679
0.263 1.24137 0.143659
0.263 0.355963 1.3966
0.262 1.24092 0.143565
0.262 0.355908 1.39641
0.261 1.24047 0.143471
0.261 0.355853 1.39623
0.26 1.24002 0.143377
0.26 0.355798 1.39604
0.259 1.23957 0.143283
0.259 0.355743 1.39586
0.258 1.23911 0.14319
0.258 0.355689 1.39567
0.257 1.23866 0.143097
0.257 0.355635 1.39549
0.256 1.23821 0.143004
0.256 0.355581 1.3953
0.255 1.23776 0.142911
0.255 0.355528 1.39512
0.254 1.23731 0.142819
0.254 0.355474 1.39493
0.253 1.23686 0.142727
0.253 0.355421 1.39475
0.252 1.2364 0.142635
0.252 0.355368 1.39457
0.251 1.23595 0.142543
0.251 0.355315 1.39439
0.25 1.2355 0.142452
0.25 0.355263 1.3942
0.249 1.23504 0.14236
0.249 0.35521 1.39402
0.248 1.23459 0.142269
0.248 0.355158 1.39384
0.247 1.23414 0.142179
0.247 0.355107 1.39366
0.246 1.23368 0.142088
0.246 0.355055 1.39348
0.245 1.23323 0.141998
0.245 0.355003 1.3933
0.244 1.23278 0.141908
0.244 0.354952 1.39312
0.243 1.23232 0.141818
0.243 0.354901 1.39294
0.242 1.23187 0.141728
0.242 0.354851 1.39276
0.241 1.23141 0.141639
0.241 0.3548 1.39258
0.24 1.23096 0.14155
0.24 0.35475 1.39241
0.239 1.2305 0.141461
0.239 0.3547 1.39223
0.238 1.23004 0.141372
0.238 0.35465 1.39205
0.237 1.22959 0.141284
0.237 0.3546 1.39187
0.236 1.22913 0.141196
0.236 0.354551 1.3917
0.235 1.22868 0.141108
0.235 0.354502 1.39152
0.234 1.22822 0.14102
0.234 0.354453 1.39134
0.233 1.22776 0.140932
0.233 0.354404 1.39117
0.232 1.2273 0.140845
0.232 0.354355 1.39099
0.231 1.22685 0.140758
0.231 0.354307 1.39082
0.23 1.22639 0.140671
0.23 0.354259 1.39064
0.229 1.22593 0.140584
0.229 0.354211 1.39047
0.228 1.22547 0.140498
0.228 0.354163 1.39029
0.227 1.22501 0.140412
0.227 0.354116 1.39012
0.226 1.22456 0.140326
0.226 0.354069 1.38995
0.225 1.2241 0.14024
0.225 0.354022 1.38978
0.224 1.22364 0.140154
0.224 0.353975 1.3896
0.223 1.22318 0.140069
0.223 0.353928 1.38943
0.222 1.22272 0.139984
0.222 0.353882 1.38926
0.221 1.22226 0.139899
0.221 0.353836 1.38909
0.22 1.2218 0.139814
0.22 0.35379 1.38892
0.219 1.22134 0.13973
0.219 0.353744 1.38874
0.218 1.22088 0.139646
0.218 0.353699 1.38857
0.217 1.22042 0.139562
0.217 0.353654 1.3884
0.216 1.21996 0.139478
0.216 0.353609 1.38823
0.215 1.2195 0.139395
0.215 0.353564 1.38807
0.214 1.21904 0.139311
0.214 0.353519 1.3879
0.213 1.21857 0.139228
0.213 0.353475 1.38773
0.212 1.21811 0.139145
0.212 0.353431 1.38756
0.211 1.21765 0.139062
0.211 0.353387 1.38739
0.21 1.21719 0.13898
0.21 0.353343 1.38722
0.209 1.21673 0.138898
0.209 0.3533 1.38706
0.208 1.21626 0.138816
0.208 0.353256 1.38689
0.207 1.2158 0.138734
0.207 0.353213 1.38672
0.206 1.21534 0.138652
0.206 0.35317 1.38656
0.205 1.21488 0.138571
0.205 0.353128 1.38639
0.204 1.21441 0.13849
0.204 0.353085 1.38622
0.203 1.21395 0.138409
0.203 0.353043 1.38606
0.202 1.21349 0.138328
0.202 0.353001 1.38589
0.201 1.21302 0.138248
0.201 0.352959 1.38573
0.2 1.21256 0.138167
0.2 0.352918 1.38556
0.199 1.21209 0.138087
0.199 0.352876 1.3854
0.198 1.21163 0.138007
0.198 0.352835 1.38524
0.197 1.21117 0.137928
0.197 0.352794 1.38507
0.196 1.2107 0.137848
0.196 0.352754 1.38491
0.195 1.21024 0.137769
0.195 0.352713 1.38475
0.194 1.20977 0.13769
0.194 0.352673 1.38458
0.193 1.20931 0.137611
0.193 0.352633 1.38442
0.192 1.20884 0.137532
0.192 0.352593 1.38426
0.191 1.20837 0.137454
0.191 0.352553 1.3841
0.19 1.20791 0.137376
0.19 0.352514 1.38394
0.189 1.20744 0.137298
0.189 0.352475 1.38378
0.188 1.20698 0.13722
0.188 0.352436 1.38362
0.187 1.20651 0.137142
0.187 0.352397 1.38346
0.186 1.20604 0.137065
0.186 0.352358 1.3833
0.185 1.20558 0.136988
0.185 0.35232 1.38314
0.184 1.20511 0.136911
0.184 0.352282 1.38298
0.183 1.20464 0.136834
0.183 0.352244 1.38282
0.182 1.20417 0.136757
0.182 0.352206 1.38266
0.181 1.20371 0.136681
0.181 0.352169 1.3825
0.18 1.20324 0.136605
0.18 0.352131 1.38234
0.179 1.20277 0.136529
0.179 0.352094 1.38219
0.178 1.2023 0.136453
0.178 0.352058 1.38203
0.177 1.20183 0.136378
0.177 0.352021 1.38187
0.176 1.20137 0.136302
0.176 0.351985 1.38172
0.175 1.2009 0.136227
0.175 0.351948 1.38156
0.174 1.20043 0.136152
0.174 0.351912 1.3814
0.173 1.19996 0.136078
0.173 0.351877 1.38125
0.172 1.19949 0.136003
0.172 0.351841 1.38109
0.171 1.19902 0.135929
0.171 0.351806 1.38094
0.17 1.19855 0.135855
0.17 0.351771 1.38078
0.169 1.19808 0.135781
0.169 0.351736 1.38063
0.168 1.19761 0.135707
0.168 0.351701 1.38047
0.167 1.19714 0.135634
0.167 0.351666 1.38032
0.166 1.19667 0.13556
0.166 0.351632 1.38017
0.165 1.1962 0.135487
0.165 0.351598 1.38001
0.164 1.19573 0.135414
0.164 0.351564 1.37986
0.163 1.19526 0.135341
0.163 0.351531 1.37971
0.162 1.19479 0.135269
0.162 0.351497 1.37956
0.161 1.19432 0.135197
0.161 0.351464 1.3794
0.16 1.19385 0.135125
0.16 0.351431 1.37925
0.159 1.19338 0.135053
0.159 0.351398 1.3791
0.158 1.19291 0.134981
0.158 0.351366 1.37895
0.157 1.19243 0.134909
0.157 0.351333 1.3788
0.156 1.19196 0.134838
0.156 0.351301 1.37865
0.155 1.19149 0.134767
0.155 0.351269 1.3785
0.154 1.19102 0.134696
0.154 0.351237 1.37835
0.153 1.19055 0.134625
0.153 0.351206 1.3782
0.152 1.19007 0.134555
0.152 0.351175 1.37805
0.151 1.1896 0.134484
0.151 0.351143 1.3779
0.15 1.18913 0.134414
0.15 0.351113 1.37775
0.149 1.18866 0.134344
0.149 0.351082 1.3776
0.148 1.18818 0.134275
0.148 0.351051 1.37745
0.147 1.18771 0.134205
0.147 0.351021 1.37731
0.146 1.18724 0.134136
0.146 0.350991 1.37716
0.145 1.18676 0.134066
0.145 0.350961 1.37701
0.144 1.18629 0.133997
0.144 0.350932 1.37686
0.143 1.18582 0.133929
0.143 0.350902 1.37672
0.142 1.18534 0.13386
0.142 0.350873 1.37657
0.141 1.18487 0.133792
0.141 0.350844 1.37642
0.14 1.18439 0.133723
0.14 0.350815 1.37628
0.139 1.18392 0.133655
0.139 0.350787 1.37613
0.138 1.18345 0.133588
0.138 0.350759 1.37599
0.137 1.18297 0.13352
0.137 0.35073 1.37584
0.136 1.1825 0.133453
0.136 0.350703 1.3757
0.135 1.18202 0.133385
0.135 0.350675 1.37555
0.134 1.18155 0.133318
0.134 0.350647 1.37541
0.133 1.18107 0.133251
0.133 0.35062 1.37526
0.132 1.1806 0.133185
0.132 0.350593 1.37512
0.131 1.18012 0.133118
0.131 0.350566 1.37498
0.13 1.17965 0.133052
0.13 0.35054 1.37483
0.129 1.17917 0.132986
0.129 0.350513 1.37469
0.128 1.17869 0.13292
0.128 0.350487 1.37455
0.127 1.17822 0.132854
0.127 0.350461 1.37441
0.126 1.17774 0.132789
0.126 0.350435 1.37426
0.125 1.17727 0.132723
0.125 0.35041 1.37412
0.124 1.17679 0.132658
0.124 0.350384 1.37398
0.123 1.17631 0.132593
0.123 0.350359 1.37384
0.122 1.17584 0.132528
0.122 0.350334 1.3737
0.121 1.17536 0.132464
0.121 0.350309 1.37356
0.12 1.17488 0.132399
0.12 0.350285 1.37342
0.119 1.17441 0.132335
0.119 0.35026 1.37328
0.118 1.17393 0.132271
0.118 0.350236 1.37314
0.117 1.17345 0.132207
0.117 0.350212 1.373
0.116 1.17298 0.132143
0.116 0.350189 1.37286
0.115 1.1725 0.13208
0.115 0.350165 1.37272
0.114 1.17202 0.132017
0.114 0.350142 1.37258
0.113 1.17154 0.131953
0.113 0.350119 1.37244
0.112 1.17107 0.131891
0.112 0.350096 1.3723
0.111 1.17059 0.131828
0.111 0.350074 1.37217
0.11 1.17011 0.131765
0.11 0.350051 1.37203
0.109 1.16963 0.131703
0.109 0.350029 1.37189
0.108 1.16915 0.131641
0.108 0.350007 1.37175
0.107 1.16868 0.131579
0.107 0.349985 1.37162
0.106 1.1682 0.131517
0.106 0.349964 1.37148
0.105 1.16772 0.131455
0.105 0.349942 1.37134
0.104 1.16724 0.131394
0.104 0.349921 1.37121
0.103 1.16676 0.131332
0.103 0.3499 1.37107
0.102 1.16628 0.131271
0.102 0.34988 1.37093
0.101 1.1658 0.13121
0.101 0.349859 1.3708
0.1 1.16532 0.13115
0.1 0.349839 1.37066
0.099 1.16484 0.131089
0.099 0.349819 1.37053
0.098 1.16437 0.131029
0.098 0.349799 1.37039
0.097 1.16389 0.130968
0.097 0.349779 1.37026
0.096 1.16341 0.130908
0.096 0.34976 1.37012
0.095 1.16293 0.130849
0.095 0.349741 1.36999
0.094 1.16245 0.130789
0.094 0.349721 1.36986
0.093 1.16197 0.130729
0.093 0.349703 1.36972
0.092 1.16149 0.13067
0.092 0.349684 1.36959
0.091 1.16101 0.130611
0.091 0.349666 1.36946
0.09 1.16053 0.130552
0.09 0.349648 1.36932
0.089 1.16005 0.130493
0.089 0.34963 1.36919
0.088 1.15957 0.130435
0.088 0.349612 1.36906
0.087 1.15909 0.130376
0.087 0.349594 1.36893
0.086 1.15861 0.130318
0.086 0.349577 1.3688
0.085 1.15812 0.13026
0.085 0.34956 1.36866
0.084 1.15764 0.130202
0.084 0.349543 1.36853
0.083 1.15716 0.130144
0.083 0.349526 1.3684
0.082 1.15668 0.130087
0.082 0.34951 1.36827
0.081 1.1562 0.13003
0.081 0.349494 1.36814
0.08 1.15572 0.129972
0.08 0.349477 1.36801
0.079 1.15524 0.129915
0.079 0.349462 1.36788
0.078 1.15476 0.129859
0.078 0.349446 1.36775
0.077 1.15428 0.129802
0.077 0.349431 1.36762
0.076 1.15379 0.129746
0.076 0.349415 1.36749
0.075 1.15331 0.129689
0.075 0.3494 1.36736
0.074 1.15283 0.129633
0.074 0.349386 1.36723
0.073 1.15235 0.129577
0.073 0.349371 1.3671
0.072 1.15187 0.129521
0.072 0.349357 1.36697
0.071 1.15139 0.129466
0.071 0.349343 1.36685
0.07 1.1509 0.12941
0.07 0.349329 1.36672
0.069 1.15042 0.129355
0.069 0.349315 1.36659
0.068 1.14994 0.1293
0.068 0.349301 1.36646
0.067 1.14946 0.129245
0.067 0.349288 1.36633
0.066 1.14898 0.129191
0.066 0.349275 1.36621
0.065 1.14849 0.129136
0.065 0.349262 1.36608
0.064 1.14801 0.129082
0.064 0.34925 1.36595
0.063 1.14753 0.129027
0.063 0.349237 1.36583
0.062 1.14704 0.128973
0.062 0.349225 1.3657
0.061 1.14656 0.12892
0.061 0.349213 1.36557
0.06 1.14608 0.128866
0.06 0.349201 1.36545
0.059 1.1456 0.128812
0.059 0.34919 1.36532
0.058 1.14511 0.128759
0.058 0.349178 1.3652
0.057 1.14463 0.128706
0.057 0.349167 1.36507
0.056 1.14415 0.128653
0.056 0.349156 1.36495
0.055 1.14366 0.1286
0.055 0.349145 1.36482
0.054 1.14318 0.128547
0.054 0.349135 1.3647
0.053 1.1427 0.128495
0.053 0.349124 1.36457
0.052 1.14221 0.128443
0.052 0.349114 1.36445
0.051 1.14173 0.128391
0.051 0.349105 1.36432
0.05 1.14125 0.128339
0.05 0.349095 1.3642
0.049 1.14076 0.128287
0.049 0.349085 1.36408
0.048 1.14028 0.128235
0.048 0.349076 1.36395
0.047 1.1398 0.128184
0.047 0.349067 1.36383
0.046 1.13931 0.128132
0.046 0.349058 1.36371
0.045 1.13883 0.128081
0.045 0.34905 1.36358
0.044 1.13834 0.12803
0.044 0.349041 1.36346
0.043 1.13786 0.12798
0.043 0.349033 1.36334
0.042 1.13737 0.127929
0.042 0.349025 1.36322
0.041 1.13689 0.127879
0.041 0.349018 1.3631
0.04 1.13641 0.127828
0.04 0.34901 1.36297
0.039 1.13592 0.127778
0.039 0.349003 1.36285
0.038 1.13544 0.127728
0.038 0.348996 1.36273
0.037 1.13495 0.127679
0.037 0.348989 1.36261
0.036 1.13447 0.127629
0.036 0.348982 1.36249
0.035 1.13398 0.12758
0.035 0.348976 1.36237
0.034 1.1335 0.12753
0.034 0.348969 1.36225
0.033 1.13301 0.127481
0.033 0.348963 1.36213
0.032 1.13253 0.127432
0.032 0.348958 1.36201
0.031 1.13204 0.127384
0.031 0.348952 1.36189
0.03 1.13156 0.127335
0.03 0.348947 1.36177
0.029 1.13107 0.127286
0.029 0.348941 1.36165
0.028 1.13059 0.127238
0.028 0.348937 1.36153
0.027 1.1301 0.12719
0.027 0.348932 1.36141
0.026 1.12962 0.127142
0.026 0.348927 1.36129
0.025 1.12913 0.127094
0.025 0.348923 1.36117
0.024 1.12865 0.127047
0.024 0.348919 1.36105
0.023 1.12816 0.126999
0.023 0.348915 1.36093
0.022 1.12768 0.126952
0.022 0.348911 1.36081
0.021 1.12719 0.126905
0.021 0.348908 1.3607
0.02 1.12671 0.126858
0.02 0.348905 1.36058
0.019 1.12622 0.126811
0.019 0.348902 1.36046
0.018 0.348899 1.36034
0.018 1.12574 0.126765
0.017 0.348897 1.36022
0.017 1.12525 0.126718
0.016 0.348894 1.36011
0.016 1.12476 0.126672
0.015 0.348892 1.35999
0.015 1.12428 0.126626
0.014 0.34889 1.35987
0.014 1.12379 0.12658
0.013 0.348889 1.35976
0.013 1.12331 0.126534
0.012 0.348887 1.35964
0.012 1.12282 0.126489
0.011 0.348886 1.35952
0.011 1.12233 0.126443
0.01 0.348885 1.35941
0.01 1.12185 0.126398
0.009 0.348884 1.35929
0.009 1.12136 0.126353
0.008 0.348884 1.35917
0.008 1.12088 0.126308
0.007 0.348883 1.35906
0.007 1.12039 0.126263
0.006 0.348883 1.35894
0.006 1.1199 0.126218
0.005 0.348883 1.35883
0.005 1.11942 0.126174
0.004 0.348883 1.35871
0.004 1.11893 0.12613
0.003 0.348884 1.3586
0.003 1.11845 0.126086
0.002 0.348884 1.35848
0.002 1.11796 0.126042
0.001 0.348885 1.35837
0.001 1.11747 0.125998
